   1.0000000e+00  -8.2387426e-01  -7.5362893e-01   6.7258443e-01   1.4945792e-01   3.7988794e-01  -6.6830778e-01   7.8348787e-01   1.9721063e-01  -2.8128202e+00  -7.3308596e-01
   2.0000000e+00   7.4312877e-01   6.1224859e-01   1.2442979e+00   1.1965352e+00  -1.7923812e-02   1.5927097e+00  -4.1378847e-01  -8.1000133e-01  -6.6021373e-01  -5.8027090e-01
   2.0000000e+00   8.6015652e-01  -7.6875679e-01  -1.4908305e+00   1.5835305e+00  -3.9646036e-01  -7.8884389e-01   1.5186834e+00   1.4924348e+00  -4.8170019e-01   3.8301395e-01
   2.0000000e+00   1.9961208e-02  -2.0514560e+00   1.0342741e+00  -8.5562987e-01   1.1077696e-01   5.3149706e-01   1.7857258e+00  -1.0984976e-01  -1.0855032e+00   2.2691685e-01
   2.0000000e+00  -1.1807422e+00  -4.4737845e-01   5.0228426e-01   7.7677380e-01  -9.6657327e-01  -1.7333084e+00   6.4777594e-01  -4.4997898e-01  -4.6145796e-02  -1.1310817e+00
   2.0000000e+00   5.4869380e-01  -1.7054101e-01   8.8262805e-01  -4.0811856e-01  -3.2379819e-01  -4.6630908e-01  -1.7976329e+00   1.2923917e+00   7.2817429e-01   9.8108733e-01
   1.0000000e+00  -1.5973767e+00   1.9718253e+00  -4.8063449e-01  -5.2010244e-01   9.1542658e-01   1.9638614e-01  -7.8919809e-01   9.5278241e-02  -1.2285916e+00  -9.3993951e-02
   2.0000000e+00  -5.7352978e-01  -8.7615979e-01  -3.4632622e-01  -3.4313385e-01   6.9093217e-01   6.8518647e-01  -6.5883473e-01   7.8633459e-01   1.2297762e+00  -5.0084484e-01
   2.0000000e+00   3.1576730e-01  -1.0124227e+00  -3.0814899e-01   4.2043519e-01  -1.6110585e+00   3.2411747e-01   1.9665953e+00  -5.1107477e-01   9.0786232e-01  -6.0934261e-01
   1.0000000e+00  -5.1900300e-01   2.6284220e-01  -5.8886799e-01   1.1627539e-01  -5.6977371e-01   2.9918905e-01  -4.5858433e-01   4.9621566e-01   7.6693116e-01   2.0756728e-03
   2.0000000e+00   6.8005696e-01  -2.1256204e+00  -9.1897091e-01  -4.7688968e-01  -7.3780956e-01  -5.5424311e-01   1.2727591e+00   5.3930356e-01  -1.0028194e+00   1.1900950e+00
   2.0000000e+00   5.5712313e-01   4.5592008e-01   2.9949663e-01   5.1067479e-01   1.5474413e+00   9.1590296e-01  -9.1383351e-01  -5.4437768e-01  -1.4615319e+00   1.2048521e+00
   2.0000000e+00   5.0267222e-01   5.5216978e-01   4.0956617e-02  -7.3962088e-01  -5.2814899e-01  -3.6679637e-01  -1.5642744e+00  -6.4509685e-01   1.3135780e+00  -8.9814290e-01
   2.0000000e+00   7.1708916e-03  -1.4103252e-01  -2.2482411e-01  -1.3281983e+00   7.6239527e-01   7.6768536e-01   5.4267044e-01   2.2892415e+00  -2.2509848e+00   8.2910331e-02
   2.0000000e+00  -4.7491648e-01  -4.1714201e-01   3.7284504e-01  -9.3772505e-01   1.7586435e+00   4.8301179e-01  -7.5625151e-01  -1.0050059e+00   5.8992441e-01  -1.5998421e+00
   2.0000000e+00  -4.3328544e-01   8.7074370e-01   5.8323760e-01  -9.6418882e-01   7.1608365e-01   1.8337506e-01   2.3081392e+00  -1.2618172e+00  -4.7813693e-01   6.9238466e-01
   2.0000000e+00  -1.8575494e+00   3.9481992e-01   1.7184124e+00  -1.7749171e+00   6.1831499e-01   1.1405432e+00  -1.0565424e+00   1.4471139e+00  -4.9187756e-01  -6.4728770e-01
   2.0000000e+00   8.2367701e-01   5.9285080e-01  -6.2350542e-01  -1.5308188e+00  -4.1291291e-01   1.7431925e+00  -1.3111763e+00  -1.1168209e-01   1.1257781e+00   3.3121915e-01
   2.0000000e+00   1.6131451e-01  -5.5635012e-01  -3.3732535e-01   1.9455093e+00   6.4833081e-01   1.6893504e+00   1.1757980e+00  -1.8126535e-01  -1.3445597e-01  -9.7125043e-01
   2.0000000e+00   1.1363951e+00   7.8713179e-01   2.7983945e-01   9.9208451e-01   5.7583426e-01   5.7853370e-01   3.2033823e-01  -5.7159907e-01   5.8787216e-01  -8.1586337e-01
   2.0000000e+00  -6.8947850e-01  -1.6552703e+00  -1.8482357e+00  -2.6146013e-01   4.5540604e-01  -1.3814904e+00  -6.1754154e-01  -1.4545527e-01   1.7056519e-01  -6.5809713e-01
   2.0000000e+00  -5.8709748e-01  -2.5048314e-01  -3.2862288e-01   8.2347572e-01  -3.8251062e-01  -1.6837019e+00   9.1208657e-01   8.9482286e-01   9.7586068e-01  -2.2326738e-01
   1.0000000e+00  -6.2727429e-01  -6.6182682e-01  -1.2671519e+00  -1.2371346e-01  -5.9985521e-01  -1.8021274e+00  -8.9022694e-01   6.9074515e-01  -4.8423300e-01   1.4664956e-01
   1.0000000e+00  -1.9467607e-01  -5.6585374e-01   1.7755299e-02   1.9954786e+00   1.8177498e+00  -9.7511780e-01  -1.2735846e+00   4.2984305e-01   1.0600154e+00   6.9469833e-01
   1.0000000e+00   7.2352221e-01  -4.2482469e-01   1.2170615e+00  -1.7143367e+00   1.0317371e+00  -4.0310729e-01  -6.7207225e-01   4.2484997e-01  -4.1148917e-01   4.0183204e-01
   2.0000000e+00  -3.7840628e-01   3.3294391e-01   1.3504015e-02  -1.4243809e+00  -4.4040988e-02  -1.4406382e+00   2.2385784e-01  -9.0289138e-01  -4.1422320e-01  -4.2910309e-01
   2.0000000e+00   7.8184423e-01   1.4103098e+00   8.9435800e-01  -9.1481920e-01   3.9716682e-01  -1.3872983e+00   2.4200714e-01  -1.7726667e-01  -1.8187120e-01  -1.1119706e-01
   2.0000000e+00   2.1702216e-01  -6.2629965e-01  -4.0681389e-01   9.1301049e-01  -8.0684915e-01   2.4180331e-01  -1.6998424e+00  -1.0209405e+00   7.3278965e-01  -6.9819670e-01
   2.0000000e+00   1.3091784e+00   1.7008762e-01   1.4343517e+00   3.2141241e-01   1.3219899e+00  -1.0616229e-01   6.7764527e-01  -6.6143120e-01  -9.7847972e-02  -3.7376477e-01
   2.0000000e+00   7.7558641e-01  -2.1024163e+00  -4.0900735e-02   2.6153942e-01  -7.4308514e-01   2.0305598e-01  -1.4414879e+00   1.6383259e+00  -3.2064956e-01  -1.3464514e-01
   2.0000000e+00  -6.5907263e-01  -1.9269106e+00  -4.0450526e-01   1.2317281e-01  -9.6981706e-01   4.1382186e-01   3.9999226e-01  -3.9025760e-01  -8.5910743e-01   2.6253411e-01
   2.0000000e+00   3.1905104e-02   5.5026366e-01   4.0075679e-01   5.2000465e-01  -1.1572900e+00  -1.1470524e+00   6.5554021e-01   7.1563748e-01  -1.3260268e+00  -9.0737244e-01
   2.0000000e+00   5.8965506e-01   1.3292178e+00  -4.7034508e-02  -1.4174543e+00  -4.9691885e-01   1.4633502e+00  -1.9788325e-01  -2.2914933e-01   4.1139380e-02  -2.6577413e-01
   1.0000000e+00  -6.4523067e-01   1.2518454e+00  -1.3080885e+00   4.9144479e-01   1.3435970e-01  -7.4114614e-01   1.3794296e+00   4.3302724e-01  -1.2420699e+00  -5.9417937e-01
   1.0000000e+00   1.3668096e+00  -6.5456087e-01  -1.5810477e-01   1.3837239e+00   2.0112507e+00  -7.8277377e-01  -3.0762314e-01   5.7532130e-01  -2.0525283e+00  -2.9026177e-01
   2.0000000e+00   1.1563126e-01   1.8624545e+00  -1.3226667e+00  -8.9246750e-01   1.7677328e+00  -8.7523680e-01  -1.2270800e+00  -7.6392839e-01   6.3316221e-01  -2.4973378e-01
   2.0000000e+00  -1.7409920e-01   3.3442417e+00   1.7721655e-01  -2.7747101e+00  -1.2184260e+00  -3.2527696e-01  -4.9699286e-01   1.5315055e+00   7.1174149e-01  -6.8243217e-01
   2.0000000e+00  -2.1716019e+00   9.1991921e-01  -1.3001080e+00   2.6185443e+00  -6.6367032e-01   1.4596088e-01  -5.9211104e-01  -5.2522066e-01   4.6415145e-01  -4.0107029e-01
   2.0000000e+00  -1.2703935e+00   1.1453285e+00   5.0563345e-01  -1.8406206e+00  -1.3849371e-01   1.6189052e+00  -1.6900736e-01  -1.0536809e+00   4.4406548e-01  -3.3332005e-01
   2.0000000e+00  -8.9382281e-01   1.6544319e+00   1.1919909e-01  -1.0840529e+00  -1.6567586e+00   2.9241490e-01   9.8425798e-01   6.9214751e-01   2.5054156e-01  -1.8720099e+00
   2.0000000e+00  -8.9789386e-03   2.9151131e-01   3.5602975e-02   3.4398620e-01  -4.4912175e-01  -1.1540299e+00   7.4563550e-01  -1.7998533e+00  -5.8764203e-01  -8.5966853e-01
   2.0000000e+00   2.4987398e-01  -1.5228149e+00  -2.8137060e-01   1.4348329e-01  -6.9341422e-01   5.8543620e-01   5.7299431e-01  -8.0933902e-01   1.7334677e+00  -4.4852232e-01
   2.0000000e+00  -7.3226414e-01  -6.7778880e-01   1.5258575e+00   1.2034748e+00   1.1924808e+00  -8.5085778e-01  -1.1210264e+00  -9.7119522e-02   5.1281267e-01  -9.3906635e-02
   2.0000000e+00  -1.7932802e-01  -5.5828145e-01  -6.2570562e-01  -1.0623478e+00  -2.8819961e-02  -2.6784327e-01  -2.9068443e-02   3.1446427e-01   1.4932231e-01   1.3141499e+00
   1.0000000e+00  -1.8181745e-01  -5.4010595e-01   7.7298843e-01  -5.1381116e-01  -7.8477049e-02  -1.2400710e+00  -1.4600006e+00   5.8705876e-01   4.0532411e-02  -1.3807758e-01
   2.0000000e+00   2.2541941e-01  -2.0001328e+00   5.3722344e-01  -2.5030828e-01   1.5721573e+00   2.0611192e-01   9.3350316e-01   1.5604568e+00  -1.6584712e-01  -6.8135350e-01
   2.0000000e+00  -5.4324199e-01   3.7950298e-01  -1.7841465e-01  -6.1262731e-02   8.3386263e-01   2.5863588e-01  -3.2578617e-01  -2.8119534e-01  -5.2398070e-01  -7.8975642e-01
   1.0000000e+00   3.0375048e-01  -9.0691762e-01   1.0773630e+00   3.1243298e-01  -1.1047617e-01  -3.0928668e-02   2.1783989e-01   5.1645253e-01  -1.7034579e+00   5.0056750e-01
   2.0000000e+00   7.2322656e-01  -6.0046713e-01  -1.9861968e+00   3.5296570e-01  -5.4874575e-01  -3.1972608e+00   1.4809825e+00  -3.4228492e-03   3.5435803e-01   1.0912900e+00
   2.0000000e+00   8.2579010e-01   1.1677205e+00   2.5909417e-01   1.2129259e+00   2.6339343e+00   2.1341628e+00  -1.1598853e+00  -5.2625098e-01  -1.7439774e+00   3.6346775e+00
   2.0000000e+00  -4.5055783e-02   4.9132879e-01   8.7206841e-01  -1.4417098e-01   1.1898834e+00  -2.6135254e-01   8.2392108e-01  -9.7826777e-02   1.2945434e+00   6.8280377e-01
   2.0000000e+00   6.2326641e-01   4.0092251e-01  -7.2783217e-01  -1.1843817e+00  -6.2594539e-02  -1.5311549e+00   5.8160883e-01  -8.6756926e-01  -3.5201309e-01   1.0820163e+00
   2.0000000e+00   9.4294324e-01  -3.0753078e-01   3.8039156e-01  -1.2086691e+00   1.4787004e+00   1.2935696e+00   8.6435984e-02  -1.3457514e+00   4.4016221e-01  -1.2247508e+00
   2.0000000e+00  -1.6003214e+00  -9.3729476e-02   4.3990878e-01  -1.1774371e-01  -1.9950833e-01   9.0399493e-02   9.4580828e-01  -5.7236984e-01   1.4773733e-01  -1.1672905e-01
   1.0000000e+00   7.6818366e-01   4.4060300e-01   1.1531850e+00   9.8174185e-01  -1.1007289e+00  -1.3587538e+00  -8.8193352e-01   1.3090416e-01   8.9433530e-01   6.1558277e-02
   2.0000000e+00  -1.3899043e+00   4.5012325e-01   3.0645210e-01  -1.1258885e+00  -3.8798622e-01   9.0704042e-01   1.3382760e-01  -1.0372676e+00  -3.5442332e-03   7.2323894e-01
   2.0000000e+00  -6.2758721e-01  -9.5001152e-01  -2.0029818e-01  -1.1142101e+00  -9.5839041e-01   4.4518285e-01   2.4964791e-01  -1.0645645e+00   1.0060135e-03  -6.4994573e-01
   2.0000000e+00  -1.4285370e-01   4.1354567e-01   1.5863726e-01   8.0620303e-01  -6.8918776e-01   1.9121730e+00  -2.4288782e-02  -4.5951048e-01  -8.2742302e-01  -1.7190631e+00
   2.0000000e+00  -4.5905818e-01   1.1797136e-01  -9.6960910e-01   1.6950704e+00   1.7072902e+00   3.3950371e-01  -4.8416102e-01   4.7202499e-01  -1.1618882e+00  -1.1637831e+00
   2.0000000e+00  -3.5269852e-01   4.6161950e-01  -6.8737663e-01   7.4887691e-02   2.2541364e+00  -1.4129236e+00  -1.3736980e+00  -1.0132343e+00  -7.8440317e-01  -1.4388963e+00
   1.0000000e+00   4.6968743e-01   9.1193398e-02   4.2657729e-01  -7.9838629e-01   4.0060558e-01  -1.8648700e+00  -1.1997757e+00   1.1155781e-01   1.3196757e+00   6.0537623e-01
   2.0000000e+00  -8.3823089e-02  -4.5731693e-01  -9.7299103e-01  -2.2789070e+00   1.5061886e+00   1.1606298e+00  -1.4301697e+00   1.6596645e+00   9.4322929e-01  -8.8876777e-01
   2.0000000e+00   3.4757757e-01   2.1472153e+00   2.1212246e-01   4.2729540e-01  -4.4278936e-01   1.1498809e+00  -7.2324651e-01  -9.0227145e-01   3.5588094e-01   9.5193153e-01
   2.0000000e+00   4.4990201e-01  -9.8683094e-01  -1.2782369e+00  -7.4686840e-01  -1.7050271e+00  -7.1026442e-01  -9.5596613e-01  -9.6602772e-01   1.5818297e+00   2.2708054e+00
   1.0000000e+00  -1.1648280e+00   1.4175532e+00  -1.0159904e+00  -1.3510258e+00   7.9836606e-01   2.4712923e+00   3.2953052e-01   2.3972272e-01   1.7211701e+00   3.7900561e-01
   2.0000000e+00   1.0741819e+00  -1.6194289e+00  -3.3278108e-01   6.1589235e-01  -2.9860014e-02  -9.9119727e-01  -4.0491151e-01  -2.1403264e-01  -1.8469856e-01   4.5537252e-01
   2.0000000e+00  -1.0865785e+00   5.1640893e-01   1.9006498e+00  -1.0505613e+00   1.1757145e+00  -9.8867892e-01  -6.1251938e-01  -5.3273575e-01   1.4003519e+00   4.1702289e-01
   2.0000000e+00   4.3704630e-03  -1.1738001e+00  -7.6236328e-01   8.1559640e-01   5.9291272e-01   8.9047123e-02   1.3366693e-01  -2.8852616e-01  -7.4952327e-01   2.9294730e-01
   2.0000000e+00   1.1988442e+00   1.5089529e+00  -1.2276918e+00  -5.1377069e-01   7.5009856e-02  -9.2689242e-01   9.7591519e-01  -5.5296941e-01  -2.7930303e+00  -1.4473711e+00
   2.0000000e+00   1.0963580e+00   3.9637122e-01  -5.6426205e-01  -3.1855648e-01   2.4261057e-01   1.5215943e+00   5.6393283e-01  -4.5975688e-01   9.4680147e-01  -4.1869802e-01
   2.0000000e+00   7.9650036e-01   4.8397179e-01   1.3730918e+00   1.5961476e+00   9.6764424e-02  -1.1011175e+00   8.6154351e-01  -5.9149795e-01   1.9760615e+00   5.2640404e-02
   1.0000000e+00   6.8079292e-02  -2.4487907e-01  -7.4191987e-01   1.2034168e+00  -1.0765023e+00   1.0039830e+00   7.2930686e-01   1.7195161e-01  -7.7030311e-01   7.0946941e-01
   2.0000000e+00   3.8426681e-01   4.8649198e-01  -5.5049165e-01  -8.0299647e-01  -1.1499596e+00   1.7944704e-01  -2.4781456e+00  -1.6726341e-01  -4.4861909e-01  -9.0298024e-01
   2.0000000e+00   1.3673040e+00  -1.0637070e+00  -1.3074016e+00   1.1296071e+00  -9.1520633e-01  -1.5627325e-01   6.3354305e-01   9.4457569e-01   1.5835593e+00  -1.2556458e+00
   2.0000000e+00   4.0062951e-01   5.6992360e-01  -4.8567565e-01   1.1238701e+00   1.3822840e+00   6.5002848e-02   3.1552005e-01   8.3329419e-01   1.4559978e-01   3.7092287e-01
   2.0000000e+00  -1.9547165e-01   1.5786009e+00  -2.1655555e-01  -1.3091011e+00   1.1775257e+00   1.5908665e+00  -3.3602146e-01   7.5796305e-01   2.1803215e+00   1.0668843e+00
   2.0000000e+00   1.4688838e+00   3.1451091e-01   1.1578347e+00   9.2152072e-01   2.3257411e-01  -6.5434686e-01   1.1528908e+00   7.9195283e-01  -4.9973705e-01  -1.4908838e+00
   1.0000000e+00  -1.6532198e-01  -6.3437193e-01  -1.9222997e+00  -8.6568754e-01   1.4706017e+00  -2.6117999e-01  -9.6706758e-02   2.4188926e-01   1.5020136e+00   3.0009025e-02
   2.0000000e+00  -1.0813989e+00   1.3881507e+00  -6.0583262e-01   3.4351103e-01  -1.6859278e+00   8.0659221e-01   3.8275171e-01  -5.1628709e-01  -8.4086998e-01   9.7532992e-02
   2.0000000e+00  -3.4554556e-01   6.9809623e-01  -1.5038422e-01   3.0306603e-01  -2.6397344e-01  -1.4995615e-01   8.1255781e-01   2.0486504e+00  -2.3681163e-01   5.0520100e-01
   2.0000000e+00  -5.8033797e-01   1.5868722e+00   9.7347819e-02   1.1949684e+00   3.8863331e-01   5.4747762e-01  -6.4818062e-01  -1.2011782e+00   8.9740043e-01   5.3227513e-01
   2.0000000e+00   8.9689215e-01  -2.8987348e-01   3.7422111e-01   4.4429976e-01  -1.6377027e-02   7.6708919e-01   8.4142118e-01  -2.2767661e-01   6.2296389e-01   1.1253349e+00
   2.0000000e+00  -1.2698609e-01  -6.5181253e-01   9.0218271e-01   1.5873836e-01  -2.6032799e-01   2.1532193e-02  -7.5040883e-01  -7.4896872e-02  -8.5135586e-01  -4.1167008e-01
   2.0000000e+00  -1.2732836e-01  -3.8902451e-01   1.3363672e+00  -9.5961649e-01   1.0321360e+00   1.7015252e+00  -6.8545352e-01   1.6017686e+00   7.1455976e-02  -9.4401011e-02
   2.0000000e+00  -1.3084004e-02   1.6521167e-01  -7.1126802e-02   7.9496126e-01   1.2932944e+00  -4.9236749e-01   8.1561232e-01  -1.2275946e-01   6.7972689e-01  -1.2393329e+00
   2.0000000e+00   1.5539616e+00   8.7170687e-01  -8.8980512e-01  -2.4508738e-01   1.1738430e+00   7.5822559e-01  -4.5958405e-02  -8.1284113e-01  -1.7000983e+00   3.7815221e-01
   2.0000000e+00   1.7446647e-01  -3.8560244e-02  -4.4336583e-01   7.1213927e-01   1.0042696e+00   3.1174866e-01  -2.3231460e+00  -6.0804831e-01  -6.9245229e-01   4.1895749e-01
   2.0000000e+00  -1.2575393e+00  -1.8038919e+00   1.3763010e+00  -5.3008485e-01   6.5220645e-01  -1.3945024e-01   1.2730342e+00  -1.9457677e-01   1.6477241e-02  -8.6113384e-01
   2.0000000e+00  -1.7783469e-02  -4.7061125e-02  -3.6111954e-01   8.2398549e-01  -1.0931937e+00  -4.7542433e-01   7.2554966e-01  -1.0597507e+00   8.9949947e-01   2.1741008e-01
   2.0000000e+00   2.3013114e+00   6.1130291e-02  -7.5155339e-01   1.8818120e+00   3.3661797e-01   1.2525346e-01  -9.6119669e-01   7.6591023e-01  -1.4985653e+00   1.5019125e+00
   1.0000000e+00   4.2825769e-01   1.4450076e+00   2.3886238e+00  -1.7331501e+00   3.9611568e-01   3.4439766e-01  -1.3429543e+00   1.2264598e-01  -9.9421811e-01  -1.3825775e-01
   2.0000000e+00  -6.6836486e-01  -1.4277865e-01   4.1894956e-01  -1.9149358e+00   1.0358528e+00   1.1611670e+00  -2.2791928e-01   1.1749803e+00  -4.9899372e-01  -1.6439356e-01
   2.0000000e+00  -2.7634528e+00  -1.0023860e+00  -2.7308278e-01   6.4147547e-01  -5.1465763e-01   2.1184301e+00  -3.5324298e-01   1.0170446e+00  -1.5229888e+00   7.5018219e-02
   2.0000000e+00   3.3816856e-01  -7.5952617e-01   8.6088756e-01  -7.1092101e-01   2.4099630e-01   1.0138209e-01  -1.0281324e+00  -3.6987513e-01   2.9878782e-01  -4.4273056e-01
   2.0000000e+00  -1.4046057e-01  -6.1139315e-02   6.6852730e-01  -7.8618961e-01   9.4292622e-01  -7.7729095e-01  -1.9367464e-01  -1.1804199e-01   1.0324999e+00  -4.7805582e-02
   2.0000000e+00  -4.8937546e-01  -1.7403091e+00   1.0043181e+00  -1.0714809e+00  -3.4889087e-01   1.3825536e-01  -5.9730810e-01  -7.7978626e-02   3.1351353e-01  -2.8519938e-01
   2.0000000e+00  -7.3137686e-01   1.0487891e+00   2.2725861e-02   1.3226394e+00  -2.1818352e+00   1.2423420e+00   1.2195241e+00  -1.1205831e+00  -4.8774615e-01   2.9922844e-01
   2.0000000e+00  -8.7320036e-01   2.1044205e+00  -7.0854221e-01  -2.1241231e-01   4.8261740e-01   1.7016205e+00   4.7792395e-01   1.2748563e+00  -1.2929130e-01   3.5152530e-01
   2.0000000e+00  -8.0230636e-01  -7.4510659e-01   2.0112063e-01   1.6633667e-01  -7.6129824e-01   2.8506249e-02   2.0357539e-01  -5.6841371e-01  -9.1731574e-02   1.0730222e+00
   2.0000000e+00   2.6168523e+00  -1.6063767e+00  -1.2223031e-01   1.0310857e+00   8.0149964e-01  -1.5504520e-01  -5.2443144e-01  -3.4667105e-01   3.4690610e-01   2.0432640e+00
   2.0000000e+00   2.4029843e-01  -1.3305584e+00  -6.8488717e-01   8.5827722e-01  -1.3442615e+00   8.7617858e-01  -1.1118300e+00  -1.6159754e+00   8.9963902e-01   4.3510670e-01
   1.0000000e+00   6.5354467e-01  -1.7729943e-01   3.9120872e-01   1.5584303e+00   2.6433263e-02   3.4865898e-02  -3.7723429e-02   2.5627153e-01   6.4510788e-01   4.6581764e-01
   2.0000000e+00   7.4721722e-01  -2.8119956e-01   1.2599516e+00  -2.7594795e-01   1.3711999e+00   2.9292879e-01   2.3378730e+00  -4.9220140e-01   4.9161245e-01  -1.9832163e+00
   2.0000000e+00  -1.3367853e+00  -7.5208991e-01   8.0701731e-01  -6.1104195e-01   1.1410984e+00  -5.1243438e-02   1.1236880e-01  -1.2013170e-01   1.5736297e+00   1.9726310e+00
   2.0000000e+00   3.5228026e-02   9.4409861e-01  -2.6394750e-01   1.1505526e+00  -1.7383143e+00   1.5024922e-01  -6.8837891e-02  -1.0983007e+00   2.4489351e-01   1.1251711e+00
   2.0000000e+00  -3.7317392e-01   9.5663273e-02  -3.7899908e-01   1.6345734e+00  -5.1141747e-01  -5.6569047e-01   1.8046471e+00  -4.3812668e-01  -3.9783500e-01   7.2926218e-02
   2.0000000e+00   1.5654196e+00  -3.7004875e-01  -1.0188874e+00   8.2835265e-01  -5.3948277e-01  -3.5824420e-02  -1.5528435e+00  -1.6946234e-01   1.2135509e+00   2.5568929e-01
   2.0000000e+00   1.0517776e-01   1.4941580e-01   1.4447448e+00  -1.3997236e-02   9.2608061e-01  -2.6211486e-01   5.8660729e-01  -1.3472160e+00   2.6682246e-01  -1.5457306e+00
   2.0000000e+00   3.8352418e-01   1.1893566e+00   5.0667557e-01  -1.7953829e+00  -6.5351074e-01  -1.3190603e-01  -1.1529919e+00   9.2280781e-01   5.8654254e-01   3.5029141e-01
   2.0000000e+00   9.3342475e-01   1.1190267e+00  -9.0516939e-01  -1.1215525e-01   9.8793206e-01  -1.2836276e+00   1.8827392e+00  -1.9303890e+00  -3.0612867e-01   1.0334310e+00
   2.0000000e+00  -4.4454529e-01  -6.0878576e-02   2.8261153e-01  -6.7392151e-02  -3.2865355e-01   8.8197977e-01  -3.4949752e-01  -2.2367852e-01   2.0727641e-01   1.3294342e-01
   2.0000000e+00   1.0727795e-01   3.7335393e+00   5.4046084e-01  -1.6204894e-01  -2.0485379e+00  -2.4366764e+00  -7.4182695e-01  -1.1596452e-01   3.7281771e-01   3.7899497e-01
   2.0000000e+00  -7.3150653e-01  -6.1251800e-01   1.4029298e-01  -1.2300442e+00   7.0083270e-01   7.8637347e-01  -6.1837513e-01  -7.1135073e-01  -1.6470597e+00  -6.3365026e-01
   1.0000000e+00   1.1018897e+00  -3.5140229e-01  -5.8178223e-02   7.4407405e-01   8.6347152e-01   7.8063486e-01  -6.2283213e-02   3.1602556e-01  -6.6974228e-01  -7.2031228e-01
   2.0000000e+00   3.8980287e-01  -3.7218576e-01  -2.5515017e-02  -1.4695132e-01   6.8772733e-01  -9.6157682e-01  -3.3128227e-01   2.0686025e+00  -1.1088721e+00  -2.7772745e-01
   1.0000000e+00  -5.2191612e-01  -1.0817756e+00  -5.9933111e-01  -2.8806671e-01  -2.5257227e-01  -3.5297163e-01  -1.2006242e+00   9.3876663e-02  -6.8223262e-01  -3.2184015e-01
   1.0000000e+00   3.9643348e-01  -6.7115791e-01  -1.5765880e+00   6.9341608e-02  -5.0487631e-01  -1.1091950e-01  -1.5478679e-01   3.4469414e-01   9.7856993e-01   6.0060591e-01
   2.0000000e+00   1.4388425e-01  -2.0929931e-01   1.0548237e-01  -4.0786645e-01   1.4771485e+00  -8.9275104e-01  -9.2761350e-01  -9.6903866e-01   9.3288180e-01  -9.0276796e-01
   2.0000000e+00   4.7432165e-01   7.2089543e-03  -8.5454990e-01   5.9491620e-01   2.0362295e+00   1.2792849e+00  -7.0005140e-01   1.0151359e+00   2.0971492e+00   3.7827977e-01
   2.0000000e+00   2.9510713e-01   1.7256362e+00  -1.0994548e+00  -8.6900234e-02  -8.5875184e-01  -2.0271702e-02   1.6326107e-01   5.4469162e-01   7.6248091e-01  -8.7255529e-01
   2.0000000e+00   5.1788591e-01  -1.2497862e+00   1.5766258e+00  -8.5156311e-01   3.2987323e-01  -4.3620898e-01   8.0630271e-01  -1.7414959e+00   5.4794714e-01  -1.2878582e+00
   1.0000000e+00  -4.7185032e-01  -1.3593565e+00  -2.3100944e-01  -1.0658152e+00  -2.6861648e-01  -7.6113728e-01  -7.1044237e-01   4.8725939e-01  -2.6854452e-01   7.0462270e-03
   2.0000000e+00   4.5834864e-01   1.0417938e-02   6.7061706e-01   8.5880881e-01  -2.9969329e-01   8.5435227e-01  -2.1518320e+00   9.5321702e-01  -1.8238706e+00   1.4721112e-01
   2.0000000e+00   6.3839373e-01   4.6988497e-01   4.0004797e-02  -8.9231126e-01  -1.5528336e+00   2.0141646e-01  -3.8640009e-01  -4.4766065e-01   8.5458605e-01  -6.5657107e-01
   1.0000000e+00  -1.9175445e-02  -1.5957018e-01  -4.3271007e-01  -7.2877495e-01  -1.1061240e+00   1.5951220e-01  -8.5069745e-01   1.7222680e-02  -3.8063315e-02   3.3560811e-01
   1.0000000e+00  -1.6533436e+00   2.2732160e-02  -5.4249200e-01  -1.3396444e+00   1.0386957e+00  -1.4322733e+00  -2.8516393e-01   2.8264314e-02  -4.7522846e-01   4.2267890e-01
   2.0000000e+00   1.1054492e+00  -5.8132195e-01  -1.4632144e+00  -1.1613779e+00  -2.2371426e-01   1.3470470e+00   1.0562875e+00  -1.0267091e+00  -1.0049264e+00   2.2757710e-01
   2.0000000e+00   3.0278557e-01  -1.6547003e+00   9.4076751e-01   5.8032136e-01  -1.0714196e+00   1.3400448e-01   2.7519161e-01  -9.5673437e-02   1.0383486e-02  -4.9978432e-01
   2.0000000e+00  -2.3918477e-01   3.0762176e-01   6.1112736e-01   1.3110048e-01   8.5204445e-01  -4.8499639e-01   9.3741447e-01  -5.1636256e-01  -1.0045002e-01  -2.5841214e-01
   2.0000000e+00   7.7719655e-01  -6.3797132e-01   1.0392235e+00   5.2945022e-01  -2.2603115e-01   1.2648484e+00   6.2310518e-01   6.2038189e-01  -4.1903760e-01  -1.0032919e+00
   2.0000000e+00  -1.2928827e+00  -3.8928003e-01   4.8793519e-01   1.2587560e-02  -1.4459906e+00  -2.3208219e-01   1.7767213e+00   4.6425835e-01   1.2918352e+00  -1.0015999e+00
   2.0000000e+00   6.2047077e-01  -1.1060324e-01  -2.1186477e+00  -1.3689648e+00   5.9500710e-01  -9.1741943e-01  -1.2680398e+00   8.5405483e-01  -8.1773564e-01  -2.9166025e-01
   2.0000000e+00  -8.4292673e-01   6.9816857e-01   1.9556437e+00   1.0998976e-01   1.1932424e+00  -1.7688284e+00  -5.9529930e-01  -1.8920925e-01  -1.2917520e+00   1.2487756e+00
   2.0000000e+00  -6.2733623e-02   9.5131098e-01   5.7115908e-01   1.4385955e+00  -6.7375130e-01   1.1464262e+00  -5.5898421e-02   1.6260313e-01   5.5650875e-01   8.9270268e-01
   2.0000000e+00  -8.5916007e-02  -1.7041655e-01  -7.1163653e-01  -1.9784449e+00  -1.2562673e+00  -7.6723754e-01  -6.9309134e-01   3.9234921e-01  -9.8893128e-01   1.4739271e+00
   2.0000000e+00   9.7220000e-01  -1.6714582e-01   1.7729732e+00  -5.7801055e-01  -7.7045004e-01  -4.6507525e-01   9.8148016e-01  -9.8097696e-01   2.4741025e-01  -7.0945617e-01
   2.0000000e+00   1.8435564e+00  -2.8234051e-01   1.8058354e+00   3.8101484e-01   4.2210578e-01  -6.4154218e-01   2.9932563e-01  -1.2816515e+00  -1.6745884e+00   5.5011471e-01
   2.0000000e+00   1.7246240e+00   1.2251848e-01  -1.5072469e+00   3.7079093e-01   1.0061257e+00  -6.1088794e-01  -5.6313466e-01   5.9462090e-01  -7.7772936e-01  -7.9053112e-01
   1.0000000e+00  -2.6069447e-01   5.0988852e-01   8.7079871e-01  -7.4600645e-01   1.3706331e+00  -1.3543200e+00   1.8085287e-02   8.8479138e-02  -7.7122931e-01   2.4568772e-01
   2.0000000e+00  -3.8120766e-01   8.1909529e-01  -1.0568161e+00   1.4955497e+00   7.8406840e-01  -5.9809233e-01  -2.3086373e-01  -1.3339073e+00  -7.5957551e-01   1.0515511e+00
   2.0000000e+00   2.5670781e-01   5.6483364e-01   5.6159155e-01   6.4230361e-01   3.7319913e-01   4.8223598e-01   1.0022130e+00  -4.1303549e-01  -1.3934900e+00  -7.8673633e-01
   2.0000000e+00  -2.0439745e+00  -3.9018983e-01   1.0038607e+00  -2.0296248e-01  -1.8310301e+00  -8.8490975e-01  -2.4813137e-01  -1.3807110e+00   2.5269748e-01   2.7826360e-02
   2.0000000e+00  -3.3334844e-01  -1.6234330e+00  -1.3187110e+00   3.5493174e-01  -5.1946658e-01   6.2440046e-01   1.3189832e+00   9.4543348e-01   1.3438927e+00   2.6969132e-01
   2.0000000e+00   4.7302365e-01  -3.7699589e-01  -2.5308380e+00   8.7354010e-01  -1.6792326e-01   5.0907138e-01   5.0588628e-01  -7.3577208e-01   2.2094133e-01   1.2070687e+00
   1.0000000e+00  -5.5813144e-01   2.8008609e-01  -1.1028241e+00   4.1065576e-01  -1.5343024e+00   7.1187767e-01  -9.2305093e-01   3.9398917e-01   1.6434929e-01   3.4884291e-01
   1.0000000e+00   6.0474225e-01   1.2033403e-01  -2.6253653e-01  -4.3612106e-01  -9.8630711e-02   1.9470803e+00  -2.5328056e-01   5.4983330e-01   1.2892034e+00   1.0582632e-01
   2.0000000e+00   5.1018117e-01  -4.9531481e-01  -1.5169753e+00   6.0569356e-01  -5.1831783e-02   9.5907374e-01  -1.1681711e+00  -8.2709124e-01   4.1008493e-01  -2.0872386e+00
   2.0000000e+00   2.8945177e-01  -4.7691500e-01  -8.0897175e-01  -8.9111368e-01  -6.8831798e-01   1.5400440e+00   8.1243256e-01   8.3943092e-01  -1.4262574e-01   9.4385079e-01
   2.0000000e+00   1.3263145e+00   7.4967653e-01   8.5306415e-01  -1.2823354e+00  -8.9292431e-01   1.0881154e+00  -2.7868955e-01  -4.3797101e-01   7.6289804e-01  -1.0454040e+00
   2.0000000e+00   6.8873402e-01   1.2592724e+00  -1.8779692e+00  -6.8233399e-01   2.1112347e-01  -1.4161103e+00   1.3848383e+00   1.0621442e+00   4.6990080e-01  -4.0424555e-01
   2.0000000e+00  -5.1206598e-01  -1.1719962e+00   2.0847194e+00   4.9126066e-01  -7.3477658e-01  -1.1031238e+00  -5.9163195e-01  -6.7377503e-01  -1.0066399e-01   8.7236331e-01
   2.0000000e+00   1.0163734e+00  -4.6222458e-01   6.4008991e-01  -1.5417285e-01   1.2663508e+00   5.3443438e-01   1.2621164e+00  -1.2253010e+00   7.7851916e-01   1.5392513e+00
   2.0000000e+00  -2.5971162e-01  -7.8460182e-01  -8.0400265e-01   2.4554036e-01  -1.5615162e+00  -1.5357746e+00  -3.0886975e-01   1.7259240e+00   1.6673229e-01   4.0787285e-02
   2.0000000e+00   2.3577917e-01  -3.4228044e-02  -1.0812955e+00  -2.5359847e+00   3.6720046e-01  -4.5451691e-01  -5.7329119e-01  -4.2476433e-01   5.7592698e-01   3.3036214e-01
   2.0000000e+00  -3.2931052e-01   7.3270080e-01  -5.8522541e-01  -6.1779091e-01   2.1072033e+00  -1.7182721e+00   1.4455713e+00  -7.1655356e-02   9.0117634e-01   6.3465767e-01
   1.0000000e+00  -4.3258842e-03   1.0285386e+00  -2.0856608e+00  -2.2944164e+00  -5.9487434e-01   9.9332555e-01  -1.9162308e+00   3.1625905e-01   8.6862584e-01   4.5245713e-02
   2.0000000e+00   8.7864308e-01   7.8425883e-01   6.1154959e-01  -1.4662493e+00   8.7413231e-01   1.0578283e-01   8.6162609e-01  -1.3222436e+00  -1.8057652e+00   1.1049697e+00
   2.0000000e+00   2.6919116e-01  -1.8183967e-01  -9.7897972e-01  -6.6381814e-01  -4.4123631e-01   1.0126560e-01   2.4935706e-01  -1.8839967e+00  -1.4360890e+00  -7.2444768e-01
   2.0000000e+00  -2.0057678e+00  -7.5914644e-01   1.3734565e-01   7.6193970e-01   3.6992369e-01   5.6264685e-01   9.2560500e-01   2.5274552e+00   9.4554478e-01  -1.8084856e+00
   2.0000000e+00   1.0681529e+00   2.4503132e-02  -1.3164176e+00   1.1459717e-01  -1.0208277e+00  -2.2068387e-01   2.1542430e+00   1.0747326e+00  -2.9905434e-01  -2.4919495e-01
   2.0000000e+00  -1.1568300e+00   7.7555284e-01  -5.0622068e-01   5.3604042e-01  -1.5789875e+00  -3.1848068e-01   1.2959576e+00  -3.1493002e-01  -9.3212224e-01  -8.3087947e-01
   1.0000000e+00   3.4393738e-01  -4.4383953e-01  -7.6187461e-02  -1.5071128e+00   2.8829888e-01   6.8921312e-01   5.5460041e-01   3.3949603e-01  -1.3818915e+00  -6.5192717e-01
   2.0000000e+00   9.5663423e-01  -8.7707372e-01  -1.1445573e+00  -1.3253501e+00   2.9667554e-01   1.1142875e+00   8.1181773e-02   7.1981832e-01  -3.4309234e-01   1.0007645e+00
   2.0000000e+00  -5.0896791e-01  -9.4764966e-01  -9.3866958e-01   1.1004487e-01  -5.3414181e-01   2.7135527e-01   8.9226334e-01   1.0059691e+00  -1.4812822e+00   1.9496465e+00
   2.0000000e+00   2.3681836e-01   2.3727497e-01  -1.8202182e+00   4.0521923e-01   8.7047098e-01   3.8776870e-01  -5.9777822e-01  -9.7627641e-02   6.2822702e-01   6.1072350e-01
   2.0000000e+00  -8.1821240e-01   4.4701430e-01   1.6496201e+00  -6.9180417e-03   6.9054801e-01  -9.1716889e-02  -9.4279667e-01   1.7918939e+00  -1.7008918e+00  -1.5607156e+00
   2.0000000e+00   1.2111384e+00  -1.0069911e+00   9.8716296e-01   5.1871224e-01  -1.5932670e+00  -1.5208122e+00   9.4521275e-02  -1.5645833e+00   1.7840288e+00  -1.2871418e+00
   2.0000000e+00  -3.2342957e-01   1.1226113e+00  -2.5798886e-01  -1.1596144e+00   7.9491306e-02   5.0653770e-01  -8.7045939e-01  -7.0869538e-01  -1.6735435e-01  -2.1486139e+00
   2.0000000e+00   1.0448647e+00   7.5561258e-02   5.8818093e-01   1.8298944e+00   2.4540892e-01  -7.7484774e-01  -8.2736609e-01  -2.8535538e-01  -1.9790880e-01  -6.8472363e-01
   2.0000000e+00   3.9095454e-01   3.1796563e-01   5.7279801e-01   6.7638866e-05   3.7217982e-01   8.2460635e-01   2.2644923e+00  -1.4456857e+00   6.0626739e-01   1.5084540e+00
   2.0000000e+00  -9.5544474e-01  -7.3409839e-01   3.8272691e-01  -3.2842204e-01  -1.5917026e+00   9.2890540e-01   1.5290716e+00  -1.6406811e+00   7.4862581e-01   1.4873680e+00
   1.0000000e+00  -1.4115906e+00   1.5684897e-01   1.9829521e-01  -1.0179553e+00   1.6444105e+00   4.1539186e-01   4.7975469e-02   5.0814996e-01   5.0002421e-01   4.3157326e-01
   1.0000000e+00   1.0778752e+00  -2.8587024e-01  -1.1480976e+00   8.3802561e-01  -1.5145493e-01   1.7552076e+00   1.0890352e+00   7.1117405e-01  -1.9741313e+00   3.1375856e-01
   1.0000000e+00   4.0102635e-01  -8.6124769e-01  -8.9797788e-01   8.2650146e-01   3.7664903e-01  -2.1549894e+00  -6.3231909e-01   7.4334334e-01   1.8451827e+00   1.8903307e-01
   2.0000000e+00  -5.6130526e-01   5.8515718e-01   1.0034699e+00   3.0256714e-01   8.6912740e-02  -5.4180609e-01   8.2884170e-02   1.0053987e+00  -1.0987054e-01   1.2839148e+00
   2.0000000e+00  -7.1396378e-01  -1.1138178e+00  -7.3350761e-01   1.3043464e+00  -1.9027636e-02   1.4279683e+00   7.9157004e-01  -4.0113858e-01  -8.0335407e-01   6.2455480e-01
   2.0000000e+00  -7.5707934e-01  -1.4384891e+00  -1.5964415e+00  -1.7429492e+00  -2.3628327e-01   1.0556927e-01  -1.2379795e+00   2.3437624e+00  -7.3411110e-02  -2.6020771e-01
   2.0000000e+00  -1.2409203e+00   2.5605198e-01   1.1130621e-01   1.2859483e-01  -4.0592178e-01  -1.8249841e+00   1.6019882e-01  -6.3112747e-02  -7.6473599e-01   8.6542113e-01
   2.0000000e+00  -3.2716821e-01   2.2785045e+00  -9.7416480e-01   4.2138016e-01   8.9229127e-01  -7.4965770e-01   5.6158964e-01   2.0493140e-01  -3.5950130e-01  -1.2347263e+00
   2.0000000e+00   2.1932490e-01   3.0628226e-01  -7.2316586e-01   4.9360104e-01   1.2402045e+00  -6.8341490e-03  -2.2638290e-01   4.3949422e-01   5.9841248e-01  -1.7393273e+00
   2.0000000e+00   5.6745948e-01   1.5206002e-02  -1.6424679e+00  -9.9110506e-01   2.6911773e-01  -1.2234769e+00  -3.7001603e-01   1.4078350e-01  -5.6813967e-01  -1.3955305e+00
   2.0000000e+00  -1.9502243e-01  -9.5422955e-01  -3.2842507e-01  -6.0342025e-01   3.8223131e-01  -1.1415914e+00   1.2137663e+00   1.8931233e-01  -7.9019382e-02   1.2411936e+00
   2.0000000e+00   1.6238019e+00   2.2561937e-01  -1.0732177e+00  -3.9049477e-02  -5.3326737e-01  -8.8545673e-01   1.0048656e+00  -1.9359874e+00   4.8108955e-01  -5.0176274e-01
   1.0000000e+00   1.6617463e-01   2.5295167e-01  -7.9318990e-01  -5.3930803e-02  -4.3057966e-01   1.7818665e+00  -2.0138638e+00   3.4867340e-01   2.3010141e-01   4.8674360e-01
   2.0000000e+00  -8.3079872e-01  -2.5020230e-01  -3.6078825e-01  -2.3025813e+00   3.8140853e-01   4.2457705e-01   3.3023283e-01   2.1182141e+00   1.7569628e+00  -1.4540483e+00
   2.0000000e+00  -1.7423607e-01   1.7204498e+00   8.3170796e-01  -2.5496464e-01  -1.5979017e+00  -9.0035727e-01   1.5484484e+00   7.7752965e-01  -3.7139856e-01   9.1161495e-01
   2.0000000e+00   4.9620873e-02   1.3835716e+00   3.6710925e-01   1.3651847e-01   4.9805321e-01  -8.9039036e-02   8.4066959e-01   7.9553199e-01   3.8844272e-01   5.8809370e-01
   2.0000000e+00   4.1720418e-01  -4.8670010e-01  -6.3307820e-01   9.5294252e-01  -1.1800174e+00  -2.5514266e-01   6.5892049e-01   1.3541159e-01   8.2534168e-01   9.0421804e-01
   2.0000000e+00   2.1447461e+00  -8.7558313e-01  -3.3107234e-01  -5.7798787e-01   1.4929673e-01  -6.7630201e-01  -1.2379557e+00   1.8290079e+00  -1.9782390e-01  -3.6837255e-01
   2.0000000e+00  -2.1402078e+00  -5.4885761e-01   5.2693070e-01   5.6657893e-01   1.4942733e-01   4.2737111e-01   1.5501731e-01   1.4798324e+00   5.6999760e-01  -1.3769344e-02
   2.0000000e+00   6.0758720e-02   1.8790547e+00  -9.1634933e-01   7.8173531e-01   2.4863602e+00   2.1536617e-01  -1.8213562e+00  -9.7469640e-01  -5.0564531e-01  -4.7537321e-01
   2.0000000e+00   1.9046340e-01   1.2164031e-01   1.4739985e+00   6.2787250e-01   1.0073839e+00   1.3773081e+00   5.3007382e-01   1.5176185e+00  -4.8780973e-01  -7.4135343e-01
   2.0000000e+00  -4.4013513e-01  -1.9690489e+00  -1.4473540e+00  -1.0480940e+00  -1.5756406e+00   5.6850668e-01  -2.0019673e+00   1.9924677e+00   1.3695480e-01  -9.2431613e-02
   2.0000000e+00   5.1581217e-01   1.5720122e+00  -1.4901913e-01  -1.5161299e+00   5.0375973e-01  -1.0703570e-01  -4.6015175e-01  -9.4375888e-01   4.1104153e-01  -1.1493889e+00
   2.0000000e+00  -6.1418579e-01  -1.6221386e-01   5.6696258e-01  -7.3815977e-01  -1.1458355e+00  -7.4226458e-01  -1.6175848e-01  -1.0906741e+00  -7.0183517e-01   1.0152835e+00
   2.0000000e+00   4.3225990e-01   7.7025182e-01  -1.3268127e+00   3.6392980e-02   1.4906094e-01   6.1374403e-01   8.8721722e-02  -2.4331620e+00   8.2869142e-01  -4.4205491e-01
   2.0000000e+00  -1.0399390e-01  -1.2554095e+00   1.3638354e+00  -3.3115264e-01   1.7784026e-02  -9.5904835e-01   1.9982914e+00  -1.7908331e+00   8.8065003e-01  -4.8233378e-01
   1.0000000e+00  -2.9622070e-01   6.5236785e-01   5.2202597e-01  -2.1670542e-01   2.3798980e+00   2.2407977e-01   1.1482693e+00   1.6329474e-01   2.2795785e-01  -5.7301276e-01
   2.0000000e+00   2.4034313e+00   1.0091519e-02  -1.5482243e-01  -1.6431699e+00   8.9662112e-01   2.4224532e-01   1.4838068e-01  -1.0668897e+00   7.3400208e-01  -6.4118159e-01
   2.0000000e+00  -9.4893362e-01   9.2776678e-01   1.9566000e+00  -5.9180632e-01  -5.5018212e-01   5.8447771e-01   1.1463487e+00  -5.0943485e-01   1.1867268e+00   9.4505868e-01
   2.0000000e+00  -7.1317151e-01  -9.7975193e-01   3.2826822e+00   5.5189920e-01   4.5451916e-01  -5.2254017e-01   3.9894106e-01   1.1159149e+00   1.0867004e+00  -1.1282539e-01
   2.0000000e+00   1.6908883e+00   1.2822985e+00  -7.4828763e-01  -4.6254344e-01   1.0638497e+00   1.1194109e+00  -5.8904217e-01  -4.0869161e-01   5.5652227e-01   1.4717964e+00
   1.0000000e+00   1.5116751e+00   5.9191777e-01  -4.9386471e-01  -6.5558689e-01  -6.2476983e-01   1.1360148e+00  -2.0993078e-02   5.4569789e-03   8.0652724e-01   5.9082781e-01
   1.0000000e+00  -8.2426281e-01   8.1040384e-01   8.2854377e-01  -2.3853671e-01   3.6379410e-01  -3.3206180e-01   5.1008075e-01   2.2077682e-01   1.7858584e+00  -3.4438082e-01
   2.0000000e+00  -8.3699453e-01   1.6850656e+00   3.6559198e-01  -9.6116115e-03   1.3484934e+00   6.4129033e-02  -5.2702300e-02  -6.7289299e-01  -8.0788883e-01   6.1530384e-01
   2.0000000e+00   8.7156243e-01  -2.8960775e-01  -3.2940934e-01   1.2417160e+00  -9.8582494e-01   5.3270403e-01  -1.6081917e+00   1.0161973e+00   2.2543460e+00  -7.3943283e-01
   1.0000000e+00   1.3213763e+00   9.2093299e-01  -4.8791208e-01   1.5107661e+00   1.2596705e+00   1.8108399e+00  -1.6691618e+00   8.6774852e-02  -1.0361735e+00  -2.0764770e-02
   2.0000000e+00   2.2525187e-01   4.4656122e-01  -8.0225063e-01   1.0148879e+00  -1.0359660e+00   1.3260079e+00   1.2238214e-01   1.0168208e+00   2.3772149e+00  -1.5843385e+00
   2.0000000e+00  -3.4067722e-01   8.3259737e-01  -3.5632969e-01  -2.4575291e-01   1.0787088e+00   7.2637741e-01  -1.0108660e+00  -4.6101912e-01  -4.8872240e-01   8.2376123e-01
   2.0000000e+00   8.5155961e-01  -7.4537391e-01   5.9941698e-01   6.6301956e-01   1.1569524e+00  -1.4677668e-01  -4.8289646e-01  -7.0211281e-01  -7.3126658e-02   1.0704801e+00
   2.0000000e+00   8.4310054e-01   1.9428462e+00  -2.3383913e-01  -5.0259202e-01   1.0854584e+00   6.4937172e-01   1.5988583e+00   8.5914757e-01   7.1775016e-01  -8.5385922e-01
   2.0000000e+00   3.7171402e-01   6.5242643e-01  -4.3327477e-02  -2.5279921e-01  -4.5125504e-01   8.0827144e-02   4.4794787e-01  -2.9234642e-01   1.8494676e-01  -1.4280299e+00
   2.0000000e+00   4.4698815e-01  -3.2290695e-02  -4.3200826e-01  -1.1112098e+00   1.1510808e+00  -1.3203223e+00   8.0990523e-01   9.4336072e-01  -1.3443557e+00   2.4738029e+00
   1.0000000e+00  -4.9498212e-02   6.2930032e-01   1.0644975e+00   4.3799474e-01  -3.9962729e-01   4.8317932e-01   4.3420225e-01   6.5216901e-01   2.4084863e-01   4.8168096e-01
   2.0000000e+00  -1.6248069e+00   4.0818082e-01  -1.7759667e+00  -3.9013198e-01  -1.1538461e+00  -2.0315452e-01   1.0402423e+00   1.4631007e+00   2.3351149e+00   5.4314883e-01
   1.0000000e+00   2.4444625e-01  -1.8994538e+00  -4.6102207e-01  -1.5619962e+00   7.1936838e-01   6.5534180e-02   2.6193948e+00   6.0829024e-01   3.7605623e-01  -1.3174477e-01
   2.0000000e+00   1.7576851e+00  -1.6329183e+00   1.1911534e-01  -6.2943774e-01  -1.1357552e+00   7.0513125e-01   1.0540865e+00  -9.5587148e-01   4.2761443e-01  -1.4914924e+00
   2.0000000e+00   6.7225581e-01   9.2429610e-01  -8.6287463e-01   3.4875073e-01  -1.9540975e-01   4.0515632e-01  -4.0980703e-02   1.0255868e+00   1.2375284e-02  -1.0987748e+00
   2.0000000e+00  -1.6691423e+00  -6.7954640e-01  -1.0906439e+00   3.6752624e-01   3.2366732e-01   5.2707423e-01  -4.2607689e-01  -3.6552584e-01   8.8195256e-01  -2.8010895e-01
   2.0000000e+00  -7.6209051e-01  -6.6498380e-01  -3.8952083e-01  -1.9536908e-01  -1.6827743e+00   3.0153403e-01  -3.4551273e-01  -2.0891287e-01  -9.4591376e-02   1.2461192e+00
   2.0000000e+00   5.0262169e-01   7.9880577e-01  -3.3716467e-01  -2.0567492e+00   4.1072201e-02   1.0076818e-01   6.2812024e-01   5.9786572e-02  -2.1318739e-01  -1.6456780e+00
   2.0000000e+00  -5.6656214e-02   9.7072314e-01   1.5744924e+00  -5.3335416e-01   2.0575472e+00   4.6305432e-01  -1.1713293e+00  -1.4074573e+00  -1.1997048e-01   5.9114054e-01
   2.0000000e+00   1.2370395e+00   8.7933603e-01   1.1397786e+00  -7.1296407e-01   3.0627547e-01  -7.6466565e-01  -1.7001732e+00  -3.9053663e-01   1.0431860e-01  -2.9538343e-01
   2.0000000e+00   8.5905858e-01   1.1227558e+00  -3.2982594e-01  -4.1855892e-01   1.6376562e+00  -3.9939496e-01   1.5497840e-01  -2.2626657e+00   1.0250475e+00   1.0072847e-01
   1.0000000e+00  -1.3704264e+00   1.6010734e+00  -4.6878481e-01   1.2601132e+00  -1.4417333e+00  -2.2731459e+00   7.2640252e-02   2.7143329e-01   6.4568087e-02  -5.2086535e-01
   2.0000000e+00   6.1778911e-01   1.7800614e+00   9.9973839e-01  -3.9438580e-01   1.0346846e+00   7.8345672e-01  -9.6370528e-01  -2.9049898e-01  -1.0054617e-01   5.2915673e-01
   2.0000000e+00  -1.0732009e-02   4.1784340e-01  -4.6056381e-02   1.5581470e+00  -2.7317584e-01  -8.5531949e-01   2.4164337e-01  -1.2459953e+00   2.5559636e+00   1.9129522e+00
   2.0000000e+00   6.9104082e-01   7.2643812e-01   8.5870850e-01  -1.0341196e-01   2.0748920e+00  -5.4397476e-01   7.9569246e-01   5.2093512e-01   1.6439284e+00   1.4100150e+00
   1.0000000e+00   1.9538463e-01   8.8478302e-02  -3.1031284e-01  -4.3798665e-01  -2.5825230e-01  -4.0746764e-01  -1.1894919e+00   1.0079455e-01   3.4475647e-01   4.0341004e-01
   2.0000000e+00  -3.7910313e-01  -1.4808340e+00  -1.5681910e+00  -8.5009974e-01   3.9392240e-01   9.2262494e-01   1.9613432e+00   1.6277914e+00  -4.6898652e-01  -1.0399640e+00
   2.0000000e+00   2.0041012e-01   1.9337099e+00   3.5719020e-01   7.4679009e-01  -2.0807310e-01  -4.5085366e-02   1.3250340e+00   1.3963298e+00   7.7243666e-01   4.2091527e-01
   2.0000000e+00  -1.6729775e-01  -2.6882565e+00   3.4901713e-01   6.0721532e-02  -1.7079991e-01   2.4562108e-01   3.5215181e-01  -1.6331591e-01  -5.0205216e-01   1.6259492e+00
   2.0000000e+00  -7.1134906e-01  -1.6815926e+00   7.1051427e-01   8.0682843e-01   1.0742128e+00   2.1991655e-01   7.1086462e-01   2.5430541e+00   6.8520686e-01  -8.1332619e-01
   2.0000000e+00   2.6406317e-01   2.1280548e-01   7.0219472e-03   1.1216404e+00  -7.4837777e-01   1.8469115e+00   1.6611305e-01  -9.1787625e-01   7.4557815e-02   2.5953884e-01
   2.0000000e+00   3.8396675e-01   3.6008985e-01  -4.5987354e-01   6.8236366e-01   3.4482082e-02  -4.9257287e-01  -9.5759995e-01  -1.8696301e+00  -8.6545022e-01   1.4254376e-01
   2.0000000e+00   1.6294971e+00  -6.0429023e-01   8.8502038e-01   2.2935294e+00   6.2470871e-01  -2.2128147e-01  -1.3995737e+00   1.4774412e+00   9.0092948e-02   1.2579848e-01
   2.0000000e+00   2.2318238e+00  -9.6558142e-01   1.9055945e+00  -3.5528533e-01  -1.2091764e+00   5.6581895e-01  -1.5639860e+00   2.0124744e-01  -8.1044929e-02   8.6237151e-01
   2.0000000e+00   2.1037086e-01   5.2287933e-01  -1.7566146e-01  -9.0317767e-01   3.2551571e-01  -4.3166406e-01  -3.1755074e-03  -2.6757816e-01   2.7483357e+00  -7.1525486e-01
   2.0000000e+00   2.3798047e+00   7.7852481e-01  -6.5797334e-01   4.9005567e-01  -4.5447793e-01   9.6916089e-01   1.8565548e-01   1.5678869e-01  -1.1385064e+00  -9.7145671e-01
   1.0000000e+00  -8.0308819e-01   2.4440984e-01   9.0839963e-02   3.1867970e-01  -4.3856991e-01  -1.4505614e+00   5.1367373e-01   8.6085356e-01  -8.0860403e-01  -7.3431582e-02
   2.0000000e+00  -3.5612873e-01  -3.9637196e-02  -2.5682535e-01   2.0749667e-01   1.7516600e-01   5.0869519e-02   8.4314732e-01  -2.5148038e-01  -3.6239016e-01   1.0453794e+00
   2.0000000e+00   1.2891443e+00  -3.9527951e-01   1.1816662e+00   6.4543289e-01   2.5306348e-01   1.0240349e+00  -6.3294758e-01  -1.2646401e+00   2.8592733e-01  -4.7462121e-01
   1.0000000e+00  -1.3609167e+00   6.5948743e-01  -1.1231796e+00   1.6935696e+00  -5.0101178e-01  -2.2585942e-01  -1.5988382e-01   4.4409803e-01  -1.6289058e+00  -2.1228611e-01
   1.0000000e+00  -3.4572831e-01   8.2097132e-01  -1.0837534e+00  -1.3966437e+00  -1.9474932e-01   1.2109738e+00   1.0369084e+00   2.8908767e-01   5.9454432e-01   7.3760417e-01
   1.0000000e+00   2.2360650e-01  -1.1689178e+00   2.8523126e-01   3.9355807e-01   1.8838499e-02   1.4657925e+00  -1.3874811e-01   1.6963350e-01  -9.1841025e-02   4.3396716e-01
   2.0000000e+00   1.5761608e-01   1.8957582e-01   7.4021544e-02  -2.7808866e-01  -6.5293179e-01   1.2662836e+00  -2.1286535e+00  -1.4981449e+00   1.0824681e-01   2.7543374e-01
   2.0000000e+00   3.0601587e-01  -2.6017042e-01   4.4352015e-01  -5.4331303e-01   1.2555447e+00   9.5258222e-01   1.6067263e+00  -1.9833966e+00  -1.2988890e-01   4.4106908e-02
   2.0000000e+00  -8.4158936e-01  -1.2459952e+00  -1.2876109e+00   1.6088927e+00   2.6889725e-01  -4.6938344e-01   2.7418579e-01  -2.6505139e-01   9.3973421e-01  -1.0672251e+00
   1.0000000e+00   1.9837554e-01  -4.6904077e-01   1.7479604e+00   1.1936990e+00   1.0912254e+00   6.6930587e-02  -3.2887785e-01   6.1960597e-01  -9.5608956e-01   4.4067309e-01
   2.0000000e+00  -9.6794036e-01   1.0818530e+00   3.6753614e-01  -3.1792780e-01  -2.8973486e-01   1.8572698e-01   1.1788090e-01  -4.9119581e-02   9.9114340e-02   9.0793601e-02
   2.0000000e+00   2.8885395e-01  -1.7624782e-01   4.4227218e-01  -6.4486908e-01  -5.1527167e-01   1.2740230e+00   2.3426560e+00  -2.3038312e-01  -6.8371264e-01  -3.4414774e-01
   2.0000000e+00  -9.0127361e-01  -2.9858002e-01  -8.2062714e-01   1.4190668e-01   7.7004824e-01   2.6922398e-01  -2.4605890e-01  -1.3902781e+00   6.9906862e-01  -6.1033955e-01
   2.0000000e+00  -5.3683434e-01  -3.5707598e-01  -6.5246565e-01   2.9119155e-01  -2.4123807e-01  -2.3141426e-01   7.3657601e-01  -1.3662356e-01  -3.3294465e-01  -7.6962960e-01
   2.0000000e+00  -1.5040431e+00   2.6888534e+00  -6.6133091e-02   3.0301921e-01   9.3343326e-01  -7.9482246e-01   7.5449320e-01  -8.3095427e-01  -2.1528685e+00   1.2520998e-01
   2.0000000e+00  -6.8172356e-01   5.3372523e-01   1.8338282e-01   1.7454984e+00  -2.6760504e-01  -1.3246731e+00  -9.0968406e-01   1.4631501e-01  -9.3680734e-01   1.2056803e+00
   2.0000000e+00   4.1594448e-01  -1.5086540e+00   2.0991971e-01  -4.4380425e-01  -1.6983201e-02  -3.3627128e-01   1.0555539e+00   5.8989700e-01   3.1486021e-02   1.1649694e+00
   2.0000000e+00   1.5162436e+00  -2.6808294e-01  -6.5927989e-01  -8.1096062e-02  -3.5108547e-01  -6.7202614e-01   1.8651139e+00   1.7707892e+00   1.2286094e+00   9.9870753e-01
   2.0000000e+00   1.3763734e+00   4.5449624e-02  -1.5030585e-02  -5.5379777e-02  -3.1056661e-01  -7.9013630e-01   1.1715214e+00  -1.7467798e+00   8.2286245e-01  -7.4695417e-02
   2.0000000e+00  -9.6838257e-01   7.1883131e-02  -5.3465395e-01  -4.1251046e-01   1.2932355e+00   9.2285459e-01  -5.7265638e-02  -1.7700733e+00   9.7918694e-01   1.6858166e+00
   2.0000000e+00   1.0999082e+00   6.7089826e-01   3.9073229e-01  -1.2353340e+00  -2.8446994e+00  -5.7370338e-01  -9.9390528e-01   3.3570122e-01   2.8821476e-02   1.1900815e+00
   2.0000000e+00  -1.1259616e+00   1.0172945e+00   3.6347205e-01   8.5364341e-01  -4.5116277e-01  -4.4013966e-01   1.1811445e+00   2.7009977e-01  -1.1456584e-01  -1.7269550e+00
   2.0000000e+00  -8.1591882e-01  -1.6020266e+00  -2.7002358e-01  -1.2049901e-01  -5.3237098e-01   1.9283354e+00  -1.0697370e+00   4.5099246e-01   8.3699027e-01  -8.2419951e-01
   1.0000000e+00   1.6733454e+00  -1.1135198e+00   1.0295406e+00   6.2252181e-01   3.3959866e-01  -2.1854876e-01   1.4346277e+00   4.0763907e-01  -5.3784581e-01  -1.3196367e-01
   1.0000000e+00   2.3244028e-01  -7.3859445e-01  -5.5586285e-01  -5.1437442e-01  -4.6174855e-01  -2.0635762e-01   9.4684213e-01   6.5612182e-01  -7.5901692e-01  -2.3906064e-01
   2.0000000e+00   9.5501405e-01   5.2552294e-01   1.1781429e+00   1.2372812e+00  -7.7081735e-01   7.9890813e-01   4.4926412e-01  -3.6864634e-01   1.0555796e-01  -6.4016189e-02
   2.0000000e+00   1.0101470e+00   1.5672126e-01   4.6172075e-02   4.2406798e-01  -3.0713449e-01   9.4266749e-01   6.1974153e-02  -5.3518402e-01   1.0609496e+00   2.6401122e-01
   2.0000000e+00   1.7414233e-01  -2.5900695e-01   3.4006048e-01  -5.3689490e-01  -9.7837990e-02  -7.2719025e-01  -6.4993117e-01  -5.3189873e-01  -8.6756081e-01  -1.1875056e+00
   2.0000000e+00  -2.9939696e-01  -3.2105849e-02   6.6413186e-01  -1.1374656e+00   1.5555569e-01  -5.3380454e-01   3.7387266e-02  -1.7128339e-01  -1.2072957e+00   4.7879034e-01
   2.0000000e+00   2.0234306e-02   1.3923186e+00  -2.0706128e+00  -8.0596753e-01   4.6019201e-02   1.4301662e+00   5.6035642e-01   6.9332429e-01  -1.7807159e+00   7.7594527e-01
   2.0000000e+00  -1.3473549e-01   1.4033483e+00  -9.1697001e-01  -2.8895654e-01  -1.1594141e+00   1.0419893e+00   6.9944617e-01   1.4221410e+00  -1.0063524e+00  -9.5442879e-02
   2.0000000e+00   1.0870828e+00  -1.1754746e+00   5.0985299e-01   1.0508870e+00  -3.2155518e-01   1.5000572e+00   1.4494290e+00  -8.4774038e-01  -2.1565710e+00   2.7593300e-01
   2.0000000e+00  -1.2985791e+00  -6.2323992e-01  -1.6740894e+00  -1.7270834e+00   1.6194829e+00   2.3859550e-01   4.0575530e-01   6.0365379e-01  -3.8771179e-01  -9.0928598e-01
   2.0000000e+00   1.2255972e+00   1.1593415e-01  -5.4935820e-01  -4.2849471e-01  -9.2482932e-01   8.0335666e-01   4.7340120e-01  -1.5069576e-01  -2.1779628e-01  -2.5222990e-01
   2.0000000e+00  -6.8854439e-01  -1.3177169e+00  -6.9475605e-01  -1.7875054e-01  -3.9742230e-02  -1.1597408e+00   1.2435115e-02  -1.1340779e+00   3.0575852e+00   4.3025878e-01
   2.0000000e+00  -1.3699945e+00  -1.4469406e+00   1.1424636e+00  -9.4785884e-01   2.4187656e-01   8.7449440e-01  -3.2882359e-01  -6.3791724e-01  -1.0260320e+00   2.3244822e-01
   2.0000000e+00  -1.6475728e+00  -1.1439812e+00  -9.2628071e-02  -1.8722793e-03   1.4036853e+00   6.4459229e-01   1.3817319e+00  -5.5182628e-01   1.5849324e+00   6.6895118e-01
   2.0000000e+00  -7.9481824e-01   7.6828472e-01  -1.9463987e+00   9.0982518e-01   6.8981055e-02   1.3228850e+00   1.2469901e+00  -1.3670417e+00   1.4041481e+00  -2.7065766e-01
   1.0000000e+00   1.0348550e+00  -5.9222163e-01  -1.0878692e+00  -1.3583998e+00  -1.4676944e+00   7.7003508e-01   8.9325304e-01   3.4300069e-02   8.0781899e-01  -4.3341236e-02
   1.0000000e+00  -5.1404471e-01   5.8955583e-01   2.2960894e+00   1.9400283e+00   8.5938996e-02  -4.1507821e-01   5.4651020e-01   1.0559843e-01   1.4914193e-01   1.5848561e-01
   2.0000000e+00  -1.7001489e-01   1.5815235e+00   1.5564790e+00  -7.7864596e-01  -3.0840068e-01  -2.2712461e-01   1.1216353e+00  -2.6500508e-01  -2.2648123e-01  -1.5715940e-01
   2.0000000e+00   9.5068496e-04   4.6698875e-01   1.7075291e+00   1.2997320e-01   5.2578073e-01  -9.9223047e-02  -1.5282370e-01   6.0564673e-01  -7.4774035e-01  -2.8900633e+00
   2.0000000e+00   5.1835011e-02   9.3102416e-01   3.4348033e-01   1.0373306e-01  -3.8113182e-01  -3.4515489e-01  -1.6210099e+00   6.8435574e-02  -2.0421224e+00  -1.4543638e+00
   2.0000000e+00   1.4425261e+00  -1.7388862e+00   1.1012224e+00   7.7976563e-01  -2.7846239e-01   2.6546001e+00   9.5144416e-01   1.5323766e+00  -6.1299301e-03  -1.3542787e-01
   2.0000000e+00   8.1878391e-01   5.8985214e-01  -1.8148840e+00  -5.6894947e-01  -2.1788472e-01   1.2538048e-01   1.5141993e+00  -1.0162160e+00  -8.8503695e-02   7.3712350e-01
   2.0000000e+00   9.0927723e-01  -3.1519573e-01  -9.8949328e-02  -1.3963156e+00  -1.2622668e+00  -1.8074542e+00   5.1403443e-01  -1.3012162e+00  -1.3951914e+00  -1.9100091e+00
   1.0000000e+00  -2.9760849e-01   1.7575691e+00  -2.7261649e-01  -1.3167990e+00   3.2895578e-01   6.9353544e-01   8.2515038e-01   5.0414542e-01   9.3969041e-01  -4.9974633e-01
   2.0000000e+00   3.5521921e-01  -1.9410071e+00   3.3094489e+00  -1.3321885e+00  -1.9725774e-01   9.0826197e-01   1.1962101e+00  -3.4311536e-01  -9.0390269e-01  -1.2174302e+00
   2.0000000e+00  -2.7528221e-01  -6.6218301e-02   1.0273765e+00  -4.3572484e-01  -1.3439405e+00   6.9233697e-01  -1.3256501e-01   6.9166676e-02  -3.7083815e-01  -1.5180174e+00
   2.0000000e+00   1.9154642e-01  -2.9317679e-01  -1.9228106e-01  -1.0185339e+00  -5.5858702e-01  -2.3363535e+00  -3.6186110e-01  -4.0137891e-01   1.0548725e-01  -7.2581922e-01
   2.0000000e+00  -2.4127648e-01  -2.5705082e+00   2.5874248e+00  -8.2773970e-01  -3.0216630e-01   4.4479492e-01  -6.4422066e-01  -1.6271512e+00  -7.5780361e-01  -2.1393570e-01
   1.0000000e+00   4.7159675e-01  -5.5425254e-01   1.0390890e-01  -4.1263002e-01   5.8056856e-01  -1.1705431e+00  -2.2364181e+00   5.2764500e-02   7.2414498e-01  -3.6228983e-01
   2.0000000e+00   1.6278338e-01   1.1543947e+00  -2.5196331e+00  -7.2296197e-01  -9.8564616e-01   1.6986977e+00   4.9328044e-01  -6.5350560e-02   1.3810650e+00   1.3144966e-01
   2.0000000e+00   1.3914799e-01  -5.7731407e-01  -3.9430245e-01   2.6446816e-01  -1.3302529e+00  -1.7571008e-01  -8.3617040e-01  -7.4713003e-01   3.3131877e-01   6.4699690e-01
   1.0000000e+00   7.4762388e-01  -3.9364603e-01   1.2492767e-01  -2.3440956e+00   2.4419993e-01   1.1615240e-02   5.2976276e-01   6.1529863e-01   1.5711723e+00   3.4386661e-01
   2.0000000e+00  -1.0409703e+00   4.4965689e-01   4.5086393e-01  -7.3597588e-02  -1.4968673e-01   2.3867219e-01  -8.3187622e-01  -1.7308828e+00   2.7020994e-01   1.7645265e-01
   1.0000000e+00  -4.9231816e-01   1.8320040e+00  -1.1602312e+00  -1.9893959e+00   4.1701596e-01   1.0234774e+00   2.1628074e-01   4.0345512e-01  -1.1050233e+00  -3.7037554e-01
   2.0000000e+00   1.3364549e-01   7.4333376e-01   1.5599179e+00  -2.6374753e-01   1.1750533e+00   4.3631051e-01   5.8230666e-01   1.3610451e+00  -3.6514101e-02   1.4535947e+00
   1.0000000e+00   6.0902696e-01   4.8733942e-01  -1.1694794e-01  -9.8748600e-02  -1.5111649e+00  -1.9829750e+00  -5.3663845e-01   4.8407786e-01  -2.0955995e-01  -7.5336884e-01
   2.0000000e+00  -5.5465247e-01  -1.6689556e+00   2.5830129e+00   1.4740518e+00   1.8295756e+00   4.2883860e-01  -1.5825108e+00   2.4075296e-01  -2.4907048e-01   1.1876835e+00
   2.0000000e+00   1.1909016e+00  -2.0110457e+00   7.6860729e-01  -7.4716847e-01  -2.3268408e-01   1.8285168e-01   5.9872414e-01   1.8504839e+00  -1.3724748e-01   3.2201118e-02
   2.0000000e+00  -1.7760322e-01   1.7899049e+00  -3.3715175e-01  -4.9452260e-01  -1.4468939e+00   4.4622092e-01   8.5098241e-03  -2.7995117e-01   9.2417168e-01  -1.1340307e+00
   2.0000000e+00   7.8305318e-01  -1.0433331e+00  -2.4277846e-02   2.8074372e-01  -2.4594687e-02  -6.8753543e-01  -6.9278419e-01  -4.5643210e-02   4.7834552e-01   2.9458799e-01
   2.0000000e+00  -5.1275069e-01   4.8386931e-02  -1.6261046e+00   1.0582881e+00   8.0057965e-01   6.6371876e-01  -1.4634172e+00  -2.8421577e-01  -2.1755607e+00   2.0299653e+00
   2.0000000e+00   6.6748141e-01  -5.0504086e-01  -1.2158094e-01  -4.8403807e-01  -1.4857182e+00   1.7488954e+00  -5.6530270e-01   9.9029876e-01   5.0439188e-01   1.3070382e-01
   2.0000000e+00  -9.9941575e-01   1.0941048e-01   1.4042238e+00   6.8766493e-02  -1.9128086e+00  -3.1188594e-01  -1.8964708e-01  -1.1208182e+00   1.4494731e-01   9.6439597e-01
   2.0000000e+00   7.6294564e-01  -1.4068849e+00   4.4296700e-01  -6.6263118e-01   7.7916972e-02   1.0054611e+00   6.9390066e-01  -1.0728441e-02  -6.2611109e-01   3.9383211e-01
   2.0000000e+00  -5.8212019e-01  -1.4465464e+00   9.4315042e-01  -7.0225771e-01   1.3296817e+00   1.6910456e+00  -8.0203639e-01  -1.0659605e+00  -3.3715466e-01  -1.1817811e+00
   2.0000000e+00  -2.2235344e-01   5.5218912e-01   1.5464079e+00   7.1268525e-02  -5.0948909e-01  -9.3475385e-01  -3.8409075e-01  -1.6713010e-01  -3.7975345e-01   4.3951904e-01
   2.0000000e+00  -1.4046112e+00  -7.1825312e-01   1.1407649e+00   1.0591682e+00   1.0780429e+00   8.5766161e-01   9.5754598e-01  -5.7012933e-01  -2.4076910e-01  -1.1899986e+00
   2.0000000e+00   6.2969979e-01  -4.1681924e-01  -1.1149906e+00  -9.1749825e-01  -2.2094271e-01  -2.7524176e-01  -2.1522429e-03   6.8303089e-01  -1.5716556e-01  -1.3567084e+00
   2.0000000e+00   2.2228355e-01  -8.3315679e-01  -9.5358268e-02  -2.5495300e-01   8.9406898e-01  -3.2397798e+00   5.7309428e-01  -1.2692260e+00   9.0047145e-01  -5.5575430e-01
   2.0000000e+00   4.0762953e-01  -1.1032595e+00  -2.1384761e+00  -1.4829852e+00   2.1346031e+00   7.8061508e-02  -5.1927956e-01  -1.8101385e+00   1.5187057e-01  -4.5287300e-01
   2.0000000e+00   6.5123685e-01  -6.6228868e-01  -1.6753909e+00   4.1691081e-03   3.0945316e-01  -2.4278178e-01   1.5107269e-01  -4.5453972e-01   9.8962385e-01  -4.3508621e-01
   2.0000000e+00  -7.4848178e-01  -1.0942355e+00  -1.1473183e+00  -1.1109748e+00  -4.5369434e-01   7.8448073e-02   5.2347659e-01  -9.7355410e-01   1.7625497e+00   9.4504734e-01
   2.0000000e+00  -1.5730512e+00   7.5247113e-01   1.5272657e+00   9.0371100e-01   2.8652197e-01  -1.3985234e+00   1.2274074e+00  -1.8412997e+00  -1.9508709e+00  -1.9338631e-02
   2.0000000e+00  -1.0223298e+00   8.1609367e-01   2.2075652e+00   3.7933726e-01  -5.9257702e-01  -5.0881852e-01   1.8626092e+00   1.3935837e+00   1.2697532e-01  -6.7408407e-01
   2.0000000e+00   7.6949354e-01  -3.1776551e-01   6.5722098e-01  -9.6790435e-01   4.9748211e-01  -1.2332494e+00   2.3587771e-01   8.1812523e-01  -7.7308130e-01   4.9062220e-01
   2.0000000e+00   1.4146785e-01  -1.2656307e+00   1.0600224e-01  -3.8596275e-01   2.8883811e-01  -9.5568894e-01   1.0883155e+00  -1.4932751e+00   1.1135242e+00  -5.1506639e-01
   2.0000000e+00   1.8212717e-01  -2.7841968e-02   1.2298572e+00   7.8129934e-02  -6.5797500e-02  -3.0429183e-02   6.3261923e-04  -1.0703472e-01   4.2405828e-01   1.3482503e-01
   2.0000000e+00  -3.0456430e-01   1.7965566e-01   1.3008587e+00  -2.6489076e+00  -1.3015758e+00   4.4946369e-01   2.1250684e-01  -9.3730744e-01   6.5059414e-02   5.3171433e-02
   2.0000000e+00   1.6425070e+00  -5.3815526e-01   1.5532770e+00   3.0511517e-01   1.3754378e-01   4.5542647e-01   2.9843654e-01   1.3674267e+00   1.0212565e+00   1.2183852e+00
   2.0000000e+00   1.8900751e-01  -1.8579478e+00  -1.4110879e+00   2.9917323e-02   5.2093470e-01  -1.1126904e+00   8.4451888e-01  -1.5473184e-01  -7.1920292e-01  -2.1474359e-02
   2.0000000e+00  -9.9583347e-01  -2.1406772e-01  -7.4633427e-01   7.5903639e-01   1.7677830e+00   6.3840549e-01   8.2672440e-01  -1.8061103e+00   2.8467381e-01  -8.1238802e-01
   2.0000000e+00  -1.3948963e-01  -3.8326501e-01   1.8262432e+00   6.7442385e-01   1.1717863e+00   2.3216559e+00  -6.5552404e-02   2.6220282e-01   1.0609228e+00  -1.1517440e+00
   2.0000000e+00  -1.2415460e+00   1.3952770e+00  -1.1385264e-01   1.1325183e+00  -5.4499160e-01   7.6273035e-01   1.4416519e+00   1.1507507e+00  -7.8070845e-01   1.0324329e+00
   2.0000000e+00  -5.7368182e-01   1.5916587e+00  -4.3583616e-01   1.2599710e+00   1.1637047e+00   2.1990654e-01  -4.9890131e-01   1.4846141e+00   1.1532632e-01   5.7531254e-01
   1.0000000e+00  -7.3275396e-01   4.5542410e-01  -8.1914062e-02  -8.2782716e-01   2.2540430e-01   6.1519016e-01   5.0249609e-01   5.8682639e-01   5.0749673e-01   1.2876703e-01
   2.0000000e+00  -3.8040167e-01  -8.1519784e-01  -2.7210210e-01  -1.7042938e-01  -5.3339954e-01   1.1235818e+00  -1.6009443e+00  -2.6193978e-01  -1.6537474e-01   9.3734310e-01
   2.0000000e+00  -1.3205884e+00  -4.5722550e-01  -3.7447368e-01   1.0628185e+00   5.3925651e-01   4.7744939e-01  -4.4561061e-01   1.7541915e+00  -1.1142863e+00  -9.3684385e-01
   2.0000000e+00   6.2042701e-01  -1.6221482e+00  -2.1213731e+00   1.2529020e-01   1.0992288e+00   3.5177311e-01   3.8622640e-02   3.0443128e+00  -3.1230721e-01  -1.2965971e+00
   2.0000000e+00   9.4049179e-01   1.6925592e+00   6.7617470e-01   5.0780300e-01   1.7668807e+00   3.7604269e-01  -1.2221364e+00  -2.7411907e-01  -1.5941900e+00  -6.8207675e-01
   1.0000000e+00   1.1275790e+00   8.5157813e-01  -3.6939306e-01   6.7320230e-01  -1.5701588e-01  -3.5959198e-01   1.7624074e+00   4.5777165e-01   2.1135095e-01   4.8923496e-01
   2.0000000e+00   1.4152059e-01  -1.5850552e+00  -8.7705231e-01  -8.7687230e-01  -3.2432318e-01   3.4692519e-01   9.3552676e-01  -3.7582405e-01   4.1554972e-01   1.3346363e+00
   2.0000000e+00  -1.9328802e-01   1.0065437e+00  -9.1661621e-02   1.1193372e+00  -1.9836469e+00  -3.7627981e-01   6.0722330e-01  -2.1468341e-01   1.1948631e-01  -7.0061754e-02
   2.0000000e+00   6.2137928e-01   1.3368031e+00  -7.5280361e-01  -1.3370865e+00   1.6111816e+00   7.2865415e-02   1.7838036e-01  -5.9878618e-01  -3.7841519e-01  -9.6748208e-01
   1.0000000e+00  -1.5380552e+00   1.1822753e+00  -1.8596576e-03  -5.2005492e-01  -1.8715472e-01  -2.8042642e-01  -1.1428707e+00   2.9805968e-01  -3.4714097e-01   4.7048206e-01
   2.0000000e+00  -5.4037262e-03   8.3889676e-01  -1.9792301e-01  -9.3653707e-01  -6.8421314e-01   1.3175239e+00  -2.5020179e+00  -1.3116416e+00   9.2409281e-01   1.1806723e+00
   2.0000000e+00   1.3266265e+00   1.2892468e-01   2.2924744e-01   4.0857612e-01  -1.2733046e+00   1.3102430e+00  -3.6024450e-02   5.8568975e-01   1.0650615e+00   1.3222326e+00
   2.0000000e+00  -1.3820298e+00   1.4782876e-01  -1.9372279e-01  -8.1614602e-01   1.3151116e+00   5.5542322e-01  -1.8773654e+00  -6.3337969e-01   3.1412185e-01   2.7007529e-01
   2.0000000e+00   2.2155423e+00   1.2026029e+00   2.0179302e-01  -2.9395649e-01  -8.0412727e-01   8.7527462e-02   8.9836677e-01  -7.8931723e-02  -1.2739179e+00   5.0106827e-01
   2.0000000e+00   6.7372615e-01  -9.4330345e-02  -1.0767167e+00  -1.9477528e-01   1.5776988e-01   9.1511389e-01   5.0349835e-02  -1.5113603e+00   3.8420014e-01   1.7897448e-02
   2.0000000e+00  -4.6834444e-01   1.1025200e+00   4.6576048e-02  -5.5336357e-01  -1.0492549e+00   1.1947986e+00   9.7725143e-01   4.6262118e-01   4.0898092e-01   2.1274642e+00
   1.0000000e+00  -1.0672031e+00   1.9854508e-01   3.6035788e-01   5.1581088e-01  -1.2472442e+00  -5.3253577e-01   4.8669834e-01   5.0456554e-01   1.6077494e+00  -6.0887950e-01
   2.0000000e+00  -8.6418845e-01   2.1090419e+00   7.9418510e-01   1.9430968e+00  -3.3569865e-01   1.3942523e+00  -1.6095099e-01   1.5769262e-01  -5.6821441e-01  -1.6029041e+00
   2.0000000e+00   1.1816266e+00   1.1731669e+00  -9.7084172e-01   1.0544359e+00  -1.0542781e+00  -9.0688591e-01   2.2043724e-01  -8.9941350e-01   1.4297703e+00  -3.0176310e-01
   2.0000000e+00  -6.7899705e-01  -1.1619012e+00   2.7204718e-02  -8.5951149e-01   3.2887873e-01  -1.0218891e+00  -6.5114437e-01  -2.1092183e+00  -1.1401575e+00   6.9100450e-02
   2.0000000e+00   4.7036066e-01  -1.4659915e+00  -8.4022951e-01  -3.1986669e-01   6.2664928e-01  -1.3564923e+00  -1.0511973e+00  -1.2220944e+00  -1.3656670e-01  -6.9942019e-01
   2.0000000e+00   7.7483699e-02  -9.2086291e-01  -1.9672736e+00   8.5264117e-01   8.4013682e-01   5.9983455e-01  -6.9014190e-02  -1.0626365e+00   1.2152193e+00   6.3121319e-01
   2.0000000e+00  -3.5036210e-01  -1.9535137e+00   4.4667687e-01   6.4554913e-01   7.1490098e-01  -4.1841165e-02   2.2765099e-01   7.9082640e-01   2.7729795e-01   2.4645932e+00
   1.0000000e+00  -1.1699560e+00  -1.7546168e-01  -5.8861585e-01  -1.2556271e+00  -9.0028152e-01  -2.0860650e+00   4.0677025e-01   3.3190493e-01   4.2807408e-01   7.5754898e-01
   2.0000000e+00  -6.1635816e-01  -2.7760382e-01  -1.3720902e-01  -4.4694640e-01  -3.4518209e-02  -4.3121667e-01   8.6097748e-01   8.8523696e-01   6.5110227e-01  -8.4681573e-01
   2.0000000e+00   1.6752045e-01   1.4969886e-01   6.0550270e-01   1.9695571e+00   1.7285686e-01   1.2445782e+00  -1.9043060e+00   6.9355832e-01   6.7150316e-03  -6.9664224e-01
   2.0000000e+00   2.3276979e+00  -2.1824577e-01  -9.2010249e-01   1.2620297e+00   1.2946128e-01  -4.4107043e-01  -4.9381722e-01   5.9454675e-01   4.5172011e-01   1.0490879e+00
   2.0000000e+00  -1.8894405e+00   2.8573542e-01   1.7088058e-01  -3.1114239e-01  -1.2485992e-01  -3.8040085e-01  -6.2030667e-01   1.5997205e+00   2.0615295e+00  -6.1741021e-01
   1.0000000e+00  -3.1150434e-01  -2.8044445e-01   1.2055700e+00   2.0674659e-01  -2.0186500e+00   3.9744854e-01  -2.9054780e-01   7.9112357e-01  -1.2073275e+00  -8.2426592e-03
   2.0000000e+00   1.4594058e+00  -1.5744386e+00   1.8337590e+00  -7.5510877e-01  -3.6998913e-01   1.3382281e+00  -9.7540265e-01  -3.0346331e-01  -1.6674644e+00  -1.7701829e+00
   2.0000000e+00   5.8567869e-01   1.1844825e+00  -1.6959457e-01   5.7118775e-02  -4.8497805e-01   1.6990427e-01   8.1226829e-01   2.1636259e+00   9.9679887e-01  -2.7244034e-02
   2.0000000e+00   1.5039779e+00  -1.8685744e+00   5.2357619e-01   6.5170737e-01   6.8776556e-01   1.6325641e+00   1.1843897e+00   1.4980978e-01  -1.2684417e+00  -8.8771011e-01
   2.0000000e+00   1.9587662e-01   1.2319973e+00  -1.0617713e+00   6.8030674e-01  -1.1930476e+00   7.0314050e-01  -1.4334009e+00  -6.0641593e-02   1.6191767e+00  -5.5759270e-01
   2.0000000e+00  -1.3329846e-01   2.1459112e+00  -7.6891267e-02  -3.3618098e-01   2.4511612e-01  -4.6547558e-01   3.5059082e-01  -1.5298348e+00  -4.6810571e-01  -4.8726724e-01
   2.0000000e+00  -2.7756606e+00  -9.9856744e-02   2.8792033e-01  -2.8582932e-01  -8.3642829e-01  -1.4191969e+00   4.3222584e-01  -6.5741202e-02   1.5121988e+00   4.7024057e-01
   2.0000000e+00  -1.5013043e+00  -1.7208967e-01  -1.5345293e+00  -2.9780446e-01   5.3347406e-01   8.6835152e-01   1.6399459e+00   1.0913487e+00  -1.8673035e-01  -1.4714677e+00
   1.0000000e+00  -5.4153957e-01   1.3005365e+00   9.5168101e-01  -6.0581410e-01   1.1083033e+00  -9.2551576e-01   1.5491487e+00   4.6105787e-01   5.6843899e-01  -7.0997688e-02
   2.0000000e+00  -4.0350147e-01  -2.9992467e-01  -4.5006985e-01  -6.4666735e-01   1.5614635e+00  -1.8671983e+00  -2.3617393e+00   1.5321205e+00   1.3264870e-02   8.2088655e-01
   2.0000000e+00   3.1620755e-01  -1.1878274e+00   1.1960788e-01  -1.4107512e-01   4.1595212e-01   1.6837176e-01  -1.0581963e+00   1.4651218e+00  -3.0318661e-01   3.0074127e-01
   2.0000000e+00  -1.0812474e-01  -6.7667656e-01   6.6098149e-01   1.0065446e+00  -7.1817192e-01   1.5762247e+00  -7.7931997e-01  -1.2727437e+00   6.1520287e-01  -1.0674291e-01
   2.0000000e+00  -1.7576390e+00  -3.0698867e-01   1.2174833e+00   3.7253374e-01   2.6925277e-02  -5.0719087e-04  -1.1008891e+00  -3.9008376e-01   3.5130342e-01   1.1765624e+00
   2.0000000e+00  -2.2596527e+00  -4.5480775e-01   1.5636059e+00   2.4101321e-01  -4.1389488e-01  -1.2511763e+00   5.9667082e-01   2.0589589e-02  -2.5131774e-01  -3.6883758e-02
   2.0000000e+00  -2.2545780e+00  -1.4921990e+00  -1.3798674e-01  -1.1164576e+00   1.2178623e+00  -1.2133747e-01  -6.5378524e-01   9.6054345e-01  -3.0781291e-01   9.9170348e-01
   2.0000000e+00   1.0636601e+00   1.7315236e+00   9.3456971e-01  -1.5780921e-01  -2.3456567e-01  -1.6194041e-01   2.3427510e+00  -9.5426855e-01   8.4374000e-01   1.9910540e-01
   2.0000000e+00  -5.3266303e-01  -8.6059845e-01  -1.7168959e+00  -6.5220433e-01   1.3426347e+00  -3.7413509e-01  -1.4646357e-01  -6.4621916e-01  -1.4497429e+00   1.6174737e+00
   2.0000000e+00  -2.9953885e-01   1.6227873e+00  -1.7963451e-01   1.4356723e-02   1.0084089e+00  -7.9354687e-01   5.3004844e-01   2.3106817e-01  -1.6596472e+00   1.4581215e+00
   1.0000000e+00  -9.9867725e-01   4.1149906e-01   2.3081808e-01   2.3948838e-01   6.1350153e-01   1.0960197e+00  -2.0456890e-01   1.4565614e-01  -1.2955539e-01  -8.8328664e-01
   2.0000000e+00  -4.3014112e-01  -6.9604596e-01   6.3389091e-01   1.5366188e-01  -4.4508230e-01   6.6232403e-01   2.4900293e-01  -3.0047622e-01  -9.6930799e-01  -1.3996705e+00
   2.0000000e+00  -7.0683132e-01   4.4859025e-01   5.3449424e-01   5.5197546e-02   6.7739707e-01   5.0284462e-01   2.8932232e-01  -8.2274911e-01   1.5694619e+00  -7.5893304e-01
   2.0000000e+00   2.7743520e-01   6.3989339e-01   2.0395033e+00   4.0013575e-01  -1.1319570e-01   1.5847833e+00  -7.6252274e-01  -2.2916262e+00  -2.2325302e-02   2.6644334e-02
   2.0000000e+00  -1.0205805e-01  -2.0172175e+00  -1.6042044e+00   4.9006113e-01  -1.6222400e-01   3.3089648e-01   6.3383980e-01   6.4142207e-01   2.9502246e-01   6.8851741e-01
   2.0000000e+00   9.4419382e-01  -1.6510891e+00  -5.4153535e-01  -6.3358708e-02   8.6058429e-01   2.4752249e-01  -5.5628365e-01   8.7560399e-01   4.3946948e-01   5.3589862e-01
   2.0000000e+00  -1.7606964e+00   1.5436600e+00  -3.5444601e-01  -2.5523896e-02   4.8040405e-01   1.1030641e-01  -1.2592216e+00  -2.3955127e+00  -1.6847538e-01  -1.0545424e+00
   2.0000000e+00  -2.1915007e-01  -4.6252007e-01   3.6953644e-01  -8.6738213e-01   1.2566857e+00  -4.1915777e-01  -1.0740695e+00   9.6049780e-01  -3.6130258e-01  -6.4483377e-01
   2.0000000e+00   7.7415120e-01   4.9733660e-01  -3.7492202e-01   1.2032139e+00   5.8538642e-01   4.4073778e-01   1.0088903e+00  -3.7706653e-01   4.2734614e-02  -4.1804693e-01
   1.0000000e+00  -7.0435565e-01   7.5183944e-01   5.0824547e-04   8.1496823e-01  -7.4600091e-01  -1.7883546e+00  -1.2041110e+00   5.6232648e-01   2.4218987e-01   1.9425767e-01
   2.0000000e+00   1.2229310e+00   2.9352257e-01  -6.6996051e-01  -1.4522310e+00   4.5062250e-01  -8.3457732e-01  -4.9194265e-01   2.1219539e+00  -7.2249357e-02  -1.4908796e+00
   2.0000000e+00  -5.7863129e-01  -5.1068911e-02  -8.2795549e-01   1.2311814e+00  -1.0189584e+00  -5.8003477e-01  -1.3377206e+00   1.1389773e+00  -5.1073789e-01  -3.6877168e-01
   2.0000000e+00  -3.3567995e-02  -1.5103386e+00  -3.9768180e-01   2.0627935e+00   4.1145339e-01  -7.0318524e-01   5.6398427e-01   4.4303275e-01  -1.9677537e+00   1.4560025e+00
   2.0000000e+00   4.3608645e-02  -1.8477882e+00   1.1161775e+00  -3.5759540e-01  -4.8426536e-01   9.7064245e-01   7.2212433e-01   1.1284116e+00  -1.2183605e+00   7.1586171e-01
   2.0000000e+00  -1.0465593e+00  -5.7892798e-01   1.8284394e+00  -6.5762428e-01  -2.9410449e-01  -1.2345326e+00   9.2535897e-03  -9.5624161e-01  -1.2297174e+00   1.9330089e-01
   2.0000000e+00   9.2828104e-02   2.5474255e+00  -6.9230170e-01  -1.9222253e+00  -2.9784981e+00  -1.1467695e+00  -1.7760578e+00  -1.7869425e+00  -9.0763191e-01  -3.0224928e-02
   2.0000000e+00  -1.2419203e-01   4.1280632e-02   1.2482535e+00  -1.8785228e-01  -9.4911996e-03  -8.4044367e-02  -1.1350305e+00   2.0294857e+00  -6.1966738e-01   7.5459185e-02
   2.0000000e+00   6.7906951e-01   1.4356722e+00  -9.5414508e-01  -7.0314919e-01   8.1012596e-02   1.9622881e+00  -3.8724039e-02   2.2267640e+00   3.6257939e-02   9.4148663e-01
   2.0000000e+00  -8.6837193e-01  -8.9895971e-01  -9.2482021e-01  -3.2915451e-01  -1.4396220e-01   1.1155003e+00   1.1417412e-01  -6.9266802e-01  -1.9592164e+00   7.0924573e-01
   2.0000000e+00   1.2282586e+00   1.5261702e+00   5.7330883e-01  -2.3721045e-01   7.5626607e-01  -9.9239059e-01   5.3481922e-01  -1.7438236e+00   1.9691994e+00  -7.9545954e-02
   2.0000000e+00   8.2688792e-01  -2.6673438e-01   2.5448648e-01  -4.5729344e-02  -9.5076555e-02  -2.9693987e-01  -1.5665142e-02  -2.6159814e-01   1.4027589e+00   8.6205272e-01
   2.0000000e+00   9.0103514e-01  -7.1242105e-02   1.2336556e+00   6.3460370e-01  -2.7572543e-01   6.0728309e-01  -1.6566289e-01   1.1533008e+00  -1.0169665e+00   4.0596659e-01
   2.0000000e+00  -9.6376619e-01   2.6787816e-01  -6.3935228e-01  -1.0227012e+00  -9.4604791e-01   6.5838828e-01   2.2413743e+00  -1.6695167e-01   2.2912139e-01  -3.0561530e-01
   1.0000000e+00  -6.1943862e-01   7.1183165e-01   8.8794472e-01   1.1186088e+00   1.4684155e+00   3.9050497e-01   7.4873899e-01   2.9430822e-01   1.3496357e+00   2.6312709e-01
   2.0000000e+00  -1.3117932e+00   3.0022269e-01  -1.0058886e+00  -6.5314302e-01  -4.6752229e-01  -1.1043243e+00   7.5383193e-01   1.0855563e+00   1.0421611e+00   1.4507180e+00
   2.0000000e+00  -3.9460775e-01  -1.9411113e-01  -1.4868735e+00  -9.5997720e-01  -1.6033506e+00   8.0031400e-01  -9.3833110e-01  -1.4343845e+00   1.9036130e-01  -7.2056071e-01
   1.0000000e+00   4.0577130e-01   8.3323502e-01   9.5358661e-01  -2.9539781e-01  -1.0774948e+00  -1.4267361e+00  -9.6909107e-01   5.9697482e-01   7.4175317e-01  -5.2856506e-01
   2.0000000e+00   7.6590248e-01  -5.6609038e-01   1.8910110e-01  -3.7474046e-01   5.9222970e-01   1.2943565e-01  -9.0397165e-01   1.0893835e+00  -8.5173537e-02   1.8939374e-01
   2.0000000e+00   7.1189366e-02  -1.4540223e+00   1.8123470e+00  -1.5824115e+00   1.8854685e-01  -9.0173701e-01  -7.8616992e-01   2.9541066e+00  -5.7617552e-01  -9.6809399e-01
   2.0000000e+00  -5.4230926e-01  -3.5844231e-01  -7.2772302e-01  -1.6099551e+00   7.4343895e-01  -7.5442938e-02   4.0654334e-01  -2.2610251e-01  -1.7051923e+00  -1.3806729e+00
   2.0000000e+00   9.6701527e-01   1.2223213e+00  -2.8434071e-01  -6.2452540e-01  -4.7698069e-01  -1.1452786e+00   2.1476536e-01   2.1685097e+00   2.2722029e+00   5.8822821e-01
   2.0000000e+00   3.3339107e-01  -2.2112058e-01  -9.6377838e-01   6.0681519e-01   9.4783392e-01   3.1715952e-01   4.1540113e-01  -1.3850487e+00   1.0184627e+00  -3.1068325e-01
   1.0000000e+00   6.8391744e-01   7.3314847e-01  -7.0113681e-01  -5.9853978e-01   2.3338075e-01   3.3000257e-01   2.0891898e+00   6.6148553e-01  -1.0916333e+00   1.1622663e-01
   2.0000000e+00  -1.6695226e+00   1.3358679e-01  -4.4630383e-01   2.1379377e+00  -1.7820774e+00  -2.7572003e-01   7.7624791e-01  -4.7254359e-01  -1.8075604e-01  -2.5242547e+00
   1.0000000e+00  -4.6887235e-01  -9.2897123e-01  -1.4998604e+00   6.3293625e-01   2.7005309e-02   2.9559340e-01  -1.4303348e+00   4.7883223e-01   2.8266591e-01   1.4398771e-02
   1.0000000e+00  -2.2074494e-02   8.4132948e-01  -3.2470171e-01  -3.7783544e-02   1.7791601e-01   6.2017537e-01   2.6137728e-01   4.3819782e-01   2.7311647e-01   4.9451898e-01
   2.0000000e+00   3.6413757e-01   1.0061704e-01  -2.2274295e+00  -1.4081962e+00  -3.0260013e-01  -1.9345452e+00   2.2847863e-01  -4.5668778e-01   1.9502784e+00  -4.6382576e-01
   2.0000000e+00   2.1323480e-01   2.6477190e+00  -2.8546248e-01   1.2963453e+00  -1.1790894e+00   1.2805882e-01   6.2764245e-01   5.5086447e-01   2.1563498e-01  -1.2721562e+00
   2.0000000e+00   9.1315107e-01  -3.0404631e-01   1.8834823e-01   2.6707416e+00  -1.5390347e-01   7.1227513e-02   5.8990063e-01   4.5548254e-01  -4.4053489e-01   1.1633596e+00
   2.0000000e+00   2.0752368e+00  -9.6612339e-03   1.4982100e+00  -9.3731261e-01   1.9541296e-01   8.3494034e-01  -1.2692870e+00  -1.1951952e+00   5.2500691e-01   9.8869146e-01
   2.0000000e+00   2.7918814e-01   1.2529935e+00  -6.6320347e-01  -2.1033304e-01   4.9360943e-01  -6.0988361e-01   1.6726987e-01  -3.4461686e-01   5.3824453e-01   6.4692181e-01
   2.0000000e+00   3.7981586e-01   2.5904022e-03   3.3201166e-01   5.3870744e-01   1.3478793e+00   4.9136242e-01  -1.6024122e+00   1.1494278e+00  -5.8844850e-01   1.5340298e+00
   2.0000000e+00  -4.8144473e-01  -5.2209585e-01  -3.4997698e-01  -1.1228272e+00  -1.5481574e-02   1.7407300e-01   2.1702135e+00  -1.2804017e+00   2.8108429e-01  -9.2460918e-01
   1.0000000e+00  -1.7299198e+00  -2.4083371e+00  -2.8915956e+00  -1.2816888e+00   5.7828072e-01   1.3448923e+00   7.7071803e-01   5.9786371e-01  -5.6152882e-01   5.2066115e-01
   2.0000000e+00   1.0842649e+00  -1.7238486e+00   1.7440573e+00  -2.8651135e-01   3.2794109e-01  -7.5972137e-01   5.8851889e-01  -4.4813683e-01  -6.6519011e-01   7.6873590e-01
   2.0000000e+00  -7.2236478e-01  -2.2028789e-01  -7.0195101e-02  -2.6294831e-01   4.1799720e-01   9.4279037e-01   1.5376168e+00   9.9019414e-01  -1.5950178e+00   7.5922837e-01
   2.0000000e+00   1.2863547e+00   8.1822124e-01   2.7604240e-01  -9.8946434e-01  -1.5654284e-01   4.6885747e-01   1.8924810e+00   8.5463505e-01  -6.3453027e-03   8.0733830e-01
   2.0000000e+00  -4.0571461e-04  -1.5741440e+00   1.1864032e+00  -1.2990652e+00   1.7116958e+00   1.9371851e+00   4.8801360e-01  -2.6969825e-01   4.6066274e-01  -1.2321059e+00
   2.0000000e+00   3.4713192e-01   5.9162873e-01  -1.0892808e+00  -2.6110266e-01   1.3938144e+00   2.3987023e+00   9.4587645e-01  -2.7422802e+00   8.8918384e-01  -5.5724348e-01
   2.0000000e+00  -6.0485958e-01  -8.3399005e-01   2.7106538e+00   2.4545145e-01   2.3040952e+00   5.7747448e-01   6.0316289e-01  -2.3321188e+00  -2.6652594e-01  -6.8119148e-01
   2.0000000e+00  -3.9901921e-01   1.3986520e+00   1.5678447e-01  -7.3034390e-01   1.1446680e+00   6.1482508e-02  -4.9666481e-01   7.1379920e-01   1.9097236e+00   9.2402315e-01
   2.0000000e+00  -9.2673649e-01  -8.8533785e-01  -8.9177049e-02   2.7155051e-01   8.7011925e-02  -6.2439100e-01  -1.5672262e-01  -9.9010602e-01   5.0250212e-01  -1.7927755e+00
   2.0000000e+00  -7.8297780e-01  -1.1348410e+00  -1.3601476e-01  -8.3402427e-03   5.5314621e-02  -5.6260299e-01  -7.4210519e-01   1.8376272e+00   6.1000125e-01  -8.7259833e-01
   2.0000000e+00  -8.8365845e-01  -1.9559667e+00  -1.4520647e+00  -7.8351219e-01  -6.8678284e-01   1.3174164e+00  -5.2957007e-01  -5.6728550e-01   7.4936490e-01  -8.2828803e-01
   2.0000000e+00  -8.9425321e-01  -6.0732334e-01   5.0590017e-01   6.4362354e-01   8.6549182e-01  -4.7167527e-01  -1.5319000e+00  -2.3250674e-01   1.5643155e+00   1.1417206e+00
   2.0000000e+00  -1.6628258e+00  -1.1017848e+00   3.0271140e-01   9.9170965e-01   1.3399579e+00   7.1668250e-01   2.9426805e-01  -8.4011136e-01  -4.9602676e-01  -3.2387289e-01
   2.0000000e+00   1.3147829e-01   1.1045231e+00  -4.7713645e-01  -1.0742189e+00  -7.3228253e-02  -1.8979932e-01  -1.7343154e-01   1.0010060e+00  -2.0402687e-01   8.0527793e-01
   2.0000000e+00   2.8745490e-01   5.7110338e-01  -6.6236199e-02   7.4987641e-01  -8.0555156e-01   1.3124383e+00   1.6033313e+00  -6.8748142e-01  -2.8108930e-01  -4.1888416e-02
   2.0000000e+00  -1.5395564e+00  -1.9510816e+00   4.2254162e-02   4.0078263e-01  -4.7513201e-01  -3.2447305e-01  -1.0660379e+00  -1.3798052e+00  -1.4154468e+00  -1.1956940e+00
   2.0000000e+00   6.9486801e-01  -1.8624733e-01  -1.2972360e+00  -1.8316688e+00   4.1809859e-01   6.8572539e-01  -2.0390887e+00  -5.1092612e-01  -1.0201231e-01   1.2848290e+00
   2.0000000e+00   1.6192769e+00  -7.3596157e-01  -1.7525057e+00  -1.0281491e+00  -1.0640459e+00  -1.2602539e+00  -1.1957330e+00   4.1850176e-01   1.0192436e+00  -1.0333579e+00
   1.0000000e+00  -2.1644866e-01   1.2174603e-01  -5.5370886e-01  -1.1895270e+00   5.7865676e-01  -4.5884383e-01  -1.2594004e+00   2.4356788e-01  -1.1872984e-01  -5.7083924e-01
   2.0000000e+00   4.4148189e-01   2.7052868e-01   5.5130872e-01  -4.4753760e-01  -1.0388049e-01   8.4425453e-01   1.0334457e-01  -5.3985348e-01  -1.4672276e+00  -1.2824124e+00
   1.0000000e+00  -8.9707998e-01  -1.9775195e-01  -7.1573462e-01  -1.3815164e+00  -1.5082788e-01   3.6318124e-01   9.6749371e-01   3.9578957e-02  -3.1139701e-01  -5.3202334e-01
   2.0000000e+00  -5.7686594e-01   1.2192636e+00   4.6088274e-01   9.4222900e-02  -3.5295482e-01  -8.4014082e-01   4.6893744e-01   5.5254070e-01  -1.0035646e+00   8.7636110e-01
   2.0000000e+00   8.3586731e-01  -1.2505438e+00  -7.1066468e-01  -9.2810717e-01  -1.3505108e+00   1.9715396e+00  -9.9051608e-01  -1.0357525e+00  -1.0335294e-01  -1.7968420e+00
   2.0000000e+00   9.7059033e-01  -4.1292478e-01  -1.2177250e+00  -5.1080667e-03  -3.7291607e-01  -5.8446927e-01   6.0623506e-01  -1.4101950e+00   1.6387591e-01   4.8577694e-01
   2.0000000e+00  -2.6184299e-01  -4.3101896e-01   1.2506048e+00  -2.8651457e-01   2.6406406e-01  -2.4045634e+00   7.8920718e-01   1.6736993e+00  -7.0700915e-01   2.2174021e+00
   2.0000000e+00   5.9911400e-01   7.2186160e-01  -4.9689603e-01  -1.3140823e+00  -1.9051252e+00   6.2282925e-01  -4.1955812e-01  -6.9862429e-02   1.1140642e+00   3.1594682e-01
   2.0000000e+00  -1.1525504e-02   8.0800228e-01  -1.4020250e-02  -1.4569417e+00   5.8046278e-01   2.8951068e-01   1.3109087e-01  -2.6005401e-03   3.3082193e-01   1.0686700e+00
   2.0000000e+00  -6.0443791e-01  -9.6141611e-01  -4.3485341e-01  -4.0327219e-01  -6.9150565e-01  -3.5864465e-01   1.1987764e-01  -8.0431525e-01  -1.0488002e+00  -1.2396170e+00
   2.0000000e+00  -1.3800700e-01   1.2652138e+00   1.0447803e-01  -1.3050154e+00  -3.8640364e-01  -5.4716222e-01  -1.6987867e-01   4.6916483e-01  -9.7727999e-01  -7.8805887e-01
   2.0000000e+00   3.5780437e-01  -2.4680536e+00  -4.5807309e-01  -3.6639026e-01   1.1466323e+00  -2.9546738e-01  -7.4126985e-01   1.3231334e+00  -2.4093992e-01  -9.7388383e-01
   2.0000000e+00  -9.6564434e-02  -4.9805698e-02  -1.3886976e+00  -1.9477928e+00   1.4789374e-01  -1.2590819e-01   1.9177431e+00  -4.8376539e-01  -4.9583671e-01  -7.1824886e-01
   2.0000000e+00   1.8847694e-01   8.0175331e-01   1.0475828e+00  -1.0329655e+00  -1.0131357e+00  -6.8043831e-01   1.6348740e+00   7.4706848e-01   8.5228112e-01   8.2698506e-01
   1.0000000e+00  -5.7736551e-01   1.8235754e+00  -9.9926505e-01   4.0981137e-01   1.0877088e+00  -2.6021300e-01  -1.4619189e+00   4.9759723e-01   1.8188925e+00   3.7699774e-01
   2.0000000e+00   3.3446046e-01   7.5693202e-01   1.8389542e+00   6.2864851e-01  -1.8193720e+00  -1.4285434e+00   1.1153614e+00  -2.0756529e+00  -1.0641148e+00   7.6692308e-01
   2.0000000e+00   7.1461772e-01   7.8036435e-01  -2.4807087e-01  -2.2748105e+00   7.3336446e-01   6.1739479e-01  -1.8476825e-01   7.5784439e-01  -5.5129637e-01  -6.9808472e-01
   2.0000000e+00   7.4441775e-01   2.2179237e-01  -1.7529146e+00   2.4505880e-01   7.7777286e-01  -1.0424022e+00   1.3452976e+00  -5.4320909e-01  -2.0657272e+00   4.8445254e-01
   2.0000000e+00   4.0288870e-01   3.8607660e-01  -3.2110488e-01   1.9798482e+00   9.5840469e-01   1.7992424e-02  -1.9740054e+00   6.2035329e-01  -2.5552493e-02  -9.4598407e-01
   1.0000000e+00  -1.5418154e+00   1.6317269e+00   3.1426531e+00   1.2782550e+00   9.6507736e-01  -1.0602204e+00  -6.6119156e-01   5.3786343e-01  -1.0970052e+00   5.3233488e-02
   2.0000000e+00   1.9482843e-01   9.5907635e-01   4.7763421e-01   8.8184914e-01  -6.4229744e-01  -2.1360271e-01  -4.3780101e-01   2.5104070e-01  -8.2774598e-01   1.1882232e+00
   2.0000000e+00   4.3854280e-02  -4.2265110e-01  -1.0902530e+00  -2.1313013e+00   3.9059129e-01   8.6201582e-01   5.8994970e-01  -7.1083041e-01   9.2853016e-01  -2.6867594e+00
   2.0000000e+00   6.6616389e-03  -6.7350326e-01  -1.4570057e+00   9.7572977e-02   3.2003827e+00   6.5912020e-01   1.2600067e+00   6.5380153e-01  -5.7534169e-01   1.3875115e+00
   2.0000000e+00   1.6376537e+00  -1.2495506e+00  -2.4903013e-02  -9.9092698e-01  -4.4961710e-01  -1.1681406e+00   1.3130148e+00  -2.4659133e-01  -9.9512382e-01  -1.7973900e-01
   2.0000000e+00   1.7177266e+00   3.6591730e-01   1.5213354e+00   1.2431487e-01  -1.0984890e+00  -8.0233096e-01   1.8352434e-01  -3.7084421e-01   1.0238308e+00   3.3711293e-01
   2.0000000e+00   5.4936278e-01   1.0175252e+00  -6.6496664e-01   1.4265270e-01  -3.8584134e-02   4.6915385e-01  -7.7654647e-01  -1.0995790e+00  -6.9432113e-01   1.4216233e+00
   1.0000000e+00   9.8287209e-01   8.5081178e-01   1.2403793e-03   1.3727631e-01  -1.5656794e-01   6.8086656e-01   5.6116218e-01   2.0393702e-01  -8.5514734e-01   6.0450570e-01
   2.0000000e+00   8.0429841e-01   1.4956012e-01   3.0945105e-01   5.9957494e-01  -1.5472491e-01   8.7795162e-01   4.3503999e-01  -6.2985231e-02   1.6696690e+00  -3.8372896e-02
   2.0000000e+00   8.0819934e-01  -8.6320994e-01  -5.5366993e-01   1.8417286e+00   3.8525691e-01   9.8585725e-01  -1.3200331e+00  -4.9540273e-01  -1.4404837e-01  -3.0185095e-01
   1.0000000e+00  -8.8499229e-01   9.9211155e-01   1.7370166e-01  -5.8576647e-01   4.6572225e-01  -5.0081935e-01   2.4254933e+00   1.9891842e-01   1.0753912e+00   4.6101931e-02
   1.0000000e+00  -2.1729773e-01   1.1816317e+00  -9.1791309e-01  -4.3639093e-01   9.7768137e-01   8.3616653e-01   1.2811173e+00   4.3811239e-01   6.7500136e-01   4.4608320e-01
   2.0000000e+00  -7.0494714e-02   2.2355225e-01   2.4885763e-01  -1.9375402e+00   1.7210554e+00   7.7047438e-03   8.0908092e-02  -8.0020701e-01   1.8087501e+00   1.1368796e+00
   2.0000000e+00   3.1707149e-01   1.3531245e-01   8.6779494e-01  -5.4653364e-01   6.7237161e-01  -9.4838853e-01   5.3985770e-01   3.5109308e-01  -1.8472984e+00   1.6508816e+00
   2.0000000e+00   2.2748277e+00   2.3925112e-01   6.9133512e-01  -1.6235392e+00   4.2951283e-01  -1.1662576e+00   1.3082082e+00   1.6017488e-01  -1.1425271e+00   1.1259999e+00
   2.0000000e+00   5.6117550e-01   7.1203300e-01  -6.3998402e-01   1.5027362e-01  -6.4933809e-01  -1.1191059e+00   3.0427323e+00   9.8378970e-01  -1.0910062e+00   1.8449566e-01
   2.0000000e+00  -1.3994747e+00  -1.0514399e+00  -8.5015884e-01  -1.1477218e+00   3.0649111e-02   2.3287316e-01  -9.7774329e-01  -7.5671461e-02  -4.7292800e-01  -3.4158680e-01
   2.0000000e+00  -8.1879726e-02  -1.5640504e-01  -1.6090672e-01   4.1422087e-01  -4.5707375e-02  -7.3684370e-01  -7.5949771e-01  -3.9474898e-01   6.5461201e-02  -1.2616182e+00
   2.0000000e+00  -4.2633164e-01  -9.9227548e-01   5.9110106e-01   3.6660035e-01  -1.4195092e+00  -6.5784183e-01   1.8243249e+00  -4.7081931e-01  -1.9389413e+00  -9.9913129e-01
   2.0000000e+00   1.1450301e+00   8.4196601e-01   3.9101132e-01   5.0743848e-01  -8.4943621e-01   2.7713978e-02   1.0094494e+00  -6.1507008e-01  -2.5782454e+00  -9.7762608e-01
   2.0000000e+00   3.5194739e-01  -2.3611101e+00   3.0743722e-01   1.3809177e+00  -7.3201664e-01  -1.2660598e+00   4.8026612e-01   4.9919608e-01   4.8110031e-02  -1.0881287e+00
   2.0000000e+00  -1.2846487e-01   6.7317547e-01   5.8885753e-01   1.1247298e+00   6.7699958e-01  -1.1492396e+00  -7.8035787e-01   1.0727294e+00   1.2214835e+00  -4.0549749e-01
   2.0000000e+00   1.5217010e+00   2.8559755e-01  -4.3928960e-01   8.0350246e-02  -1.4219288e-01   3.0731805e-01   2.8911188e-02   2.0623400e+00  -1.0984098e+00   8.0456458e-01
   2.0000000e+00   1.4745663e+00  -2.9750876e-01  -1.0084104e+00  -8.7802328e-01  -1.7495465e-01  -4.5302226e-01  -8.4106224e-01   1.1308803e+00   2.2621675e-01  -1.5313600e+00
   2.0000000e+00   1.0636539e+00  -3.4276108e-01  -4.1274959e-01  -1.5023114e-01  -2.3221150e-01   1.1767682e+00  -6.0124736e-02   2.9078210e-01   1.2397320e+00  -8.5524149e-01
   2.0000000e+00   4.6636676e-01   1.6961124e-03   4.9139068e-01  -7.1428722e-01   4.9947827e-01  -9.8623175e-01   5.8407399e-01  -1.0456118e+00  -1.1281847e+00   3.2385354e-01
   2.0000000e+00   1.7729079e+00   5.8041489e-01   4.9217120e-01   1.2744099e+00  -1.7454968e-01  -2.1976052e-01  -3.3432302e-01  -8.7137792e-01  -6.5815173e-01   6.2824115e-01
   2.0000000e+00   8.2730502e-01  -6.9002263e-01  -1.1386242e+00   9.4246805e-01   3.1327032e-01   1.7692753e+00  -1.0657425e+00  -5.1138044e-02   1.1430537e+00  -2.8268811e+00
   2.0000000e+00  -2.8877121e-01  -4.2258347e-01  -1.7376579e-01   1.4126345e+00   1.5817423e+00  -1.0838648e+00  -1.3934337e+00  -3.6850076e-01   3.9786528e-01  -6.5165878e-01
   2.0000000e+00   8.7669924e-01   1.2482832e+00  -1.6432213e-01  -7.2149801e-01   3.2141932e-01  -7.3698181e-01  -6.8773233e-01  -6.3014766e-01   1.1993226e-01   5.5528618e-01
   2.0000000e+00  -1.7477097e-02  -1.0908804e-01   1.5485333e+00  -5.1508656e-01   3.3815832e-01  -1.0396953e+00  -8.1461882e-01   6.8107970e-01   3.9522094e-01  -1.2087760e+00
   2.0000000e+00   1.5226821e+00  -8.1714248e-01  -8.8422963e-01   1.9448345e-01  -1.0775641e+00   2.3692494e+00  -1.4986029e+00  -1.8195530e-01  -1.8834448e+00  -3.9140161e-01
   2.0000000e+00   1.0270575e+00   2.2154692e-01   1.5284291e+00  -6.1664235e-01  -1.4791331e+00   3.8170923e-01   4.7586575e-01  -1.7247719e+00  -1.0869045e-01   2.7836465e-01
   2.0000000e+00  -2.7804652e-01  -1.0656956e-01  -4.0556658e-01  -7.8733115e-01   7.5971714e-01   1.8679788e+00   1.7156623e-01   2.0002281e+00  -9.7990899e-02  -1.5719894e-02
   1.0000000e+00   6.2590915e-01   1.2378522e+00   2.0225575e-02   9.9878370e-01   1.1583810e+00  -5.8807554e-02  -2.0744482e-01   8.4451065e-01   4.3941629e-01  -4.2510566e-02
   2.0000000e+00   6.1356389e-01   3.5075415e-01  -1.4141719e+00  -1.8057361e+00   1.7881280e-01   2.3907087e+00  -2.8492619e-01  -5.4929429e-01  -2.1613568e+00   6.6690766e-01
   2.0000000e+00   1.3434789e-01   2.2329821e-01  -9.6155301e-01  -3.5397357e-01  -3.3140536e-01   3.5621810e-01   4.6070811e-01   5.2044248e-01   9.5771484e-01  -8.2228438e-01
   2.0000000e+00   2.5722272e-02   8.4872636e-01   6.3401605e-01  -3.9030647e-01   1.2133492e-01  -2.7511345e-01  -5.1700049e-01   1.0876275e+00   4.1923189e-01  -9.7211748e-01
   2.0000000e+00   1.6314789e+00  -1.6619485e+00  -8.9901927e-02   1.0727023e+00  -6.6904415e-02   1.3664663e+00  -3.4656753e-01  -1.8178981e+00  -4.3084362e-01  -7.4964629e-01
   2.0000000e+00  -1.4467386e+00   6.6065415e-01  -1.2091554e+00   4.4885432e-01   6.9887675e-02  -2.0384117e+00   4.2804128e-02  -9.7756843e-01  -8.0934650e-01  -4.3725137e-01
   2.0000000e+00  -1.3589687e+00   7.8524376e-01  -1.0776763e+00   1.4998927e-01   1.6337713e+00  -1.2440118e-02   1.8005613e-01  -1.0979009e+00   2.3613856e-01   5.7212030e-01
   2.0000000e+00   1.9388835e+00  -8.9889090e-01   1.4774138e+00   1.8350049e-01   9.4670335e-01   7.4583048e-02   5.6193478e-01  -5.8533597e-01  -3.7262038e-01   7.4894985e-01
   2.0000000e+00   5.2199550e-01  -8.3548262e-01   4.0126404e-01  -1.1318432e+00   1.0355536e+00   1.6298172e+00  -1.7978860e+00   1.7073944e+00   1.8443176e+00  -4.0992599e-01
   2.0000000e+00  -3.2235675e-01   4.4399258e-01   8.6616317e-01   1.0036623e+00   8.8658223e-03  -7.3738029e-01  -2.3275979e-01   9.2811657e-01   1.1549649e+00   7.8202804e-01
   1.0000000e+00  -1.1916380e-02   2.6057562e-01  -5.7225837e-01   5.5288889e-01  -9.1338044e-01   4.8298507e-01  -2.5243878e-01   2.9597061e-01   2.5256666e-02   4.2257746e-01
   2.0000000e+00   2.5562203e+00  -2.9912418e-01   5.3873201e-01  -1.2933242e+00  -5.1577186e-01   5.4619087e-01   8.3618728e-02   2.3839668e-01   1.5166440e+00   1.1607588e+00
   2.0000000e+00   8.2164378e-02   2.5849234e-01   2.6896131e-01  -2.2145265e+00   7.9010367e-01   9.2940994e-01   5.4580356e-01  -1.3335310e-02   1.3433654e+00  -2.5577140e-01
   2.0000000e+00  -9.7102425e-01  -2.2148808e-01  -6.0448637e-01   2.2399255e-01   8.0002213e-01  -5.6001219e-01   7.0898528e-01   1.9970742e-01  -1.9269299e-01   1.1462851e+00
